  Sr ECP36SDF                                                                      2
label =  Sr ECP36SDF                                                                    sym.max =  1
 nombre d'exposants = 35 nombre de combinaisons lineairement independantes = 35
 coefficients des operateurs
 -0.543492552096D-01 -0.129950230801D-02 -0.101634587448D-12 -0.220823739291D-24
 -0.346173828315D-26 -0.562750121827D-30  0.301606119547D-29  0.109856596416D-26
  0.240296247057D-22  0.321511434163D-19  0.233021187513D-16  0.490319658108D-11
  0.654687551474D-09  0.455362849100D-07  0.188900592630D-05  0.523257913052D-04
  0.109228666069D-02  0.128038399584D-01  0.819258370526D-01  0.313505145086D+00
  0.847832021591D+00  0.181209897008D+01  0.325544026615D+01  0.510992210711D+01
  0.709565904762D+01  0.830941887239D+01  0.973299671888D+01  0.111398010835D+02
  0.122514785329D+02  0.130696892577D+02  0.138731728806D+02  0.142940857431D+02
  0.148730963103D+02  0.150902915738D+02  0.151477939048D+02
 exposants des operateurs
  0.601394635318D-02  0.764683157325D-02  0.972307195236D-02  0.127807655189D-01
  0.168000368660D-01  0.220832811837D-01  0.290279903389D-01  0.381566587006D-01
  0.501560936943D-01  0.659290886660D-01  0.866623457324D-01  0.113915758883D+00
  0.149739774665D+00  0.196829660238D+00  0.258728285360D+00  0.340092674878D+00
  0.447044386138D+00  0.587630072449D+00  0.772426883669D+00  0.101533825205D+01
  0.133463993535D+01  0.175435501758D+01  0.230606131751D+01  0.303126718755D+01
  0.398453444951D+01  0.523758342537D+01  0.688468891041D+01  0.904977306205D+01
  0.118957288470D+02  0.156366755091D+02  0.205540681132D+02  0.270178731888D+02
  0.355144036513D+02  0.466829071960D+02  0.613636609435D+02
 coefficients des combinaisons lineaires 
 -0.323258511180D+02  0.242004705194D+03 -0.820437478927D+03  0.212123996273D+04
 -0.461705713821D+04  0.866649757236D+04 -0.145507046254D+05  0.225002818248D+05
 -0.327679338715D+05  0.457091251065D+05 -0.618500408503D+05  0.819316562765D+05
 -0.106915137529D+06  0.137915313618D+06 -0.175998238330D+06  0.221747861904D+06
 -0.274520153611D+06  0.331474910142D+06 -0.386917623349D+06  0.432861818654D+06
 -0.461181736054D+06  0.466350530884D+06 -0.447118790223D+06  0.406397166617D+06
 -0.349922992638D+06  0.284706255856D+06 -0.217795431652D+06  0.155375986491D+06
 -0.102093254692D+06  0.606324554454D+05 -0.316275557599D+05  0.138665478314D+05
 -0.476240282433D+04  0.112942646871D+04 -0.137290541815D+03  0.248510132943D+03
 -0.184361863685D+04  0.617879911831D+04 -0.157096120340D+05  0.334570386415D+05
 -0.610589259997D+05  0.988755598376D+05 -0.145999392934D+06  0.200555335388D+06
 -0.259986566510D+06  0.321188287245D+06 -0.380488918757D+06  0.433574232367D+06
 -0.475527062589D+06  0.501226006972D+06 -0.506357745090D+06  0.489050954428D+06
 -0.451373894630D+06  0.399325635566D+06 -0.340824126315D+06  0.282957244676D+06
 -0.230249315236D+06  0.184532252126D+06 -0.145802498353D+06  0.113216804130D+06
 -0.857892888303D+05  0.627481534098D+05 -0.436515243735D+05  0.283378483527D+05
 -0.167538708541D+05  0.873249565449D+04 -0.383115418775D+04  0.131672522793D+04
 -0.312221675726D+03  0.378874288801D+02  0.301952713475D+03 -0.215525807405D+04
  0.687459110217D+04 -0.162386944862D+05  0.313573339790D+05 -0.502184671556D+05
  0.682901047779D+05 -0.798164470524D+05  0.802043081192D+05 -0.686200982323D+05
  0.492036772675D+05 -0.290221330920D+05  0.137052455608D+05 -0.482296152928D+04
  0.856588747410D+03  0.436584650955D+03 -0.638937259138D+03  0.521602690294D+03
 -0.365197694922D+03  0.241902888860D+03 -0.157057435764D+03  0.101264681149D+03
 -0.650712264798D+02  0.416377161122D+02 -0.264417980905D+02  0.165728775585D+02
 -0.101687817175D+02  0.603694737788D+01 -0.341041460724D+01  0.179066644049D+01
 -0.845214310492D+00  0.341754378939D+00 -0.109921600682D+00  0.247152571864D-01
 -0.287624977736D-02 -0.613619344582D+03  0.367288307564D+04 -0.942024635844D+04
  0.163166803087D+05 -0.213448954775D+05  0.211219492351D+05 -0.160591810990D+05
  0.950572748345D+04 -0.443806710560D+04  0.165925867951D+04 -0.505956616149D+03
  0.128656097256D+03 -0.280104050861D+02  0.538364405913D+01 -0.945584588317D+00
  0.157587899822D+00 -0.259154259690D-01  0.437106398494D-02 -0.783534846646D-03
  0.153808012303D-03 -0.338060307346D-04  0.843005994924D-05 -0.239432126489D-05
  0.770894106329D-06 -0.277974048961D-06  0.110243276714D-06 -0.470001620726D-07
  0.209659824342D-07 -0.948509642688D-08  0.419595934121D-08 -0.173643360818D-08
  0.634891360719D-09 -0.189102475397D-09  0.400982391563D-10 -0.446244743082D-11
 -0.288682126561D+03  0.131674106734D+04 -0.228189278256D+04  0.180036272211D+04
  0.295711720529D+03 -0.261172733092D+04  0.345648369997D+04 -0.273848863513D+04
  0.152644762713D+04 -0.639596808120D+03  0.210169156503D+03 -0.561026989519D+02
  0.125886686159D+02 -0.246036589760D+01  0.435015765931D+00 -0.724282164130D-01
  0.118329625373D-01 -0.197511526407D-02  0.349554919000D-03 -0.676768368734D-04
  0.146714477037D-04 -0.361142823454D-05  0.101383258845D-05 -0.323135544628D-06
  0.115529041240D-06 -0.454977145541D-07  0.192873020533D-07 -0.856491355900D-08
  0.386101999166D-08 -0.170326909123D-08  0.703352649318D-09 -0.256738781034D-09
  0.763719393644D-10 -0.161784304777D-10  0.179911506941D-11  0.629180434023D+02
 -0.156306012568D+03  0.109115129876D+03  0.184481799218D+02 -0.454040671327D+02
 -0.620349099627D+01  0.373542286182D+02 -0.284680524554D+02  0.112273906176D+02
 -0.237121563459D+01  0.513913746546D-01  0.154429273904D+00 -0.658154252131D-01
  0.177627192453D-01 -0.382666733690D-02  0.726745424838D-03 -0.130159798961D-03
  0.232105630570D-04 -0.431211692176D-05  0.865615055515D-06 -0.192836052651D-06
  0.484583928631D-07 -0.138196427835D-07  0.445802991174D-08 -0.160860287250D-08
  0.637979962690D-09 -0.271911971618D-09  0.121245790910D-09 -0.548288376675D-10
  0.242453973690D-10 -0.100302172910D-10  0.366632230994D-11 -0.109176882412D-11
  0.231462755584D-12 -0.257553808267D-13  0.630889855749D+02 -0.209811772739D+03
  0.218172666975D+03 -0.436708830460D+02 -0.573300595413D+02  0.137604952729D+02
  0.430625296631D+02 -0.421897066553D+02  0.182596356674D+02 -0.374572198546D+01
 -0.194810966168D+00  0.414160975070D+00 -0.164516706209D+00  0.439326128567D-01
 -0.947134520286D-02  0.180457100037D-02 -0.324281188054D-03  0.579883610546D-04
 -0.107958733099D-04  0.217037069745D-05 -0.483974492768D-06  0.121693520664D-06
 -0.347174067053D-07  0.112013845548D-07 -0.404212993531D-08  0.160315295993D-08
 -0.683264835459D-09  0.304659133059D-09 -0.137765886543D-09  0.609182879184D-10
 -0.252009026459D-10  0.921140207715D-11 -0.274294477530D-11  0.581514436696D-12
 -0.647055945025D-13 -0.796583755786D+02  0.288919578288D+03 -0.383170572438D+03
  0.322610225215D+03 -0.547954811821D+03  0.115039742039D+04 -0.156335075325D+04
  0.137937836309D+04 -0.847475313494D+03  0.383371828864D+03 -0.133488223725D+03
  0.371993340843D+02 -0.861354412732D+01  0.172178024878D+01 -0.309220098798D+00
  0.520167355186D-01 -0.855111040749D-02  0.143175314147D-02 -0.253600679794D-03
  0.490625503641D-04 -0.106175935734D-04  0.260762348174D-05 -0.730240689639D-06
  0.232190072060D-06 -0.828319407483D-07  0.325584818685D-07 -0.137798070158D-07
  0.611104995022D-08 -0.275186722084D-08  0.121293293137D-08 -0.500534589752D-09
  0.182609890055D-09 -0.542987570976D-10  0.114988975374D-10 -0.127842164650D-11
  0.395309130930D+03 -0.261425610253D+04  0.755916462566D+04 -0.154252147864D+05
  0.245215039787D+05 -0.303776789455D+05  0.296021193566D+05 -0.227768231976D+05
  0.138903631621D+05 -0.676722761300D+04  0.266916122853D+04 -0.868480732496D+03
  0.238748791371D+03 -0.570623881216D+02  0.122533795354D+02 -0.245127597799D+01
  0.474623908335D+00 -0.924088773723D-01  0.187502473963D-01 -0.408868395603D-02
  0.981013370936D-03 -0.262887661441D-03  0.791450878264D-04 -0.266971974215D-04
  0.998803488893D-05 -0.407736905022D-05  0.177787444283D-05 -0.807018396004D-06
  0.370033127364D-06 -0.165389068840D-06  0.689860205973D-07 -0.253758524634D-07
  0.759303454743D-08 -0.161571456956D-08  0.180289407950D-09  0.383684739080D+03
 -0.262564793157D+04  0.793441189932D+04 -0.172943858856D+05  0.300135255563D+05
 -0.417270162568D+05  0.471278210946D+05 -0.433882854181D+05  0.324888116440D+05
 -0.197694307572D+05  0.982392096855D+04 -0.403463920399D+04  0.139534311585D+04
 -0.416502119542D+03  0.110532729506D+03 -0.269694904779D+02  0.627172027464D+01
 -0.144167107301D+01  0.339109340698D+00 -0.841327799422D-01  0.225470453013D-01
 -0.663139968869D-02  0.215625077662D-02 -0.774433759705D-03  0.304716232427D-03
 -0.129477163759D-03  0.582645177774D-04 -0.271065259274D-04  0.126683831133D-04
 -0.574626177484D-05  0.242414032819D-05 -0.899468687825D-06  0.270933048146D-06
 -0.579442062773D-07  0.649069787377D-08 -0.356129181801D+03  0.249925164750D+04
 -0.780072005277D+04  0.178420777811D+05 -0.330123044233D+05  0.499613578127D+05
 -0.630669918963D+05  0.669311044704D+05 -0.595902048451D+05  0.442249107797D+05
 -0.272562216102D+05  0.139951218264D+05 -0.605595630731D+04  0.225096288820D+04
 -0.737159741394D+03  0.219225033276D+03 -0.612134339269D+02  0.166119050330D+02
 -0.452992737037D+01  0.127878236802D+01 -0.382811260286D+00  0.123579208563D+00
 -0.434007786917D-01  0.165972903072D-01 -0.686834131898D-02  0.303773638019D-02
 -0.141075573943D-02  0.672679986116D-03 -0.320438732926D-03  0.147504761441D-03
 -0.629354351342D-04  0.235554376325D-04 -0.714245250397D-05  0.153530044974D-05
 -0.172643374868D-06  0.264771626502D+03 -0.191294644462D+04  0.619745504583D+04
 -0.149827852386D+05  0.298410515497D+05 -0.498066778125D+05  0.715806154581D+05
 -0.900786985681D+05  0.998445984208D+05 -0.970671159728D+05  0.817152772322D+05
 -0.585213191413D+05  0.349770726648D+05 -0.170296409962D+05  0.638687942998D+04
 -0.143427707870D+04 -0.311820720685D+03  0.675885548280D+03 -0.592992203810D+03
  0.428053062600D+03 -0.287578234416D+03  0.187700924046D+03 -0.120992456891D+03
  0.774068811484D+02 -0.491103996057D+02  0.307603985177D+02 -0.188735077376D+02
  0.112119219512D+02 -0.634126180397D+01  0.333445965547D+01 -0.157641953041D+01
  0.638413039541D+00 -0.205635591012D+00  0.462939841399D-01 -0.539296536733D-02
 -0.248996184774D+03  0.181415213157D+04 -0.594114147839D+04  0.145960872887D+05
 -0.297023487737D+05  0.510234828924D+05 -0.762242278131D+05  0.101063726371D+06
 -0.120199655462D+06  0.128460369296D+06 -0.122557120440D+06  0.102957812049D+06
 -0.748365267234D+05  0.462460574849D+05 -0.238443728763D+05  0.989840320267D+04
 -0.291234194426D+04  0.133261275638D+03  0.654800991268D+03 -0.698537991180D+03
  0.543441858223D+03 -0.378977840354D+03  0.252069505793D+03 -0.163806446681D+03
  0.104885346627D+03 -0.661819410796D+02  0.409232588542D+02 -0.245269577270D+02
  0.140081958935D+02 -0.744058955343D+01  0.355211022682D+01 -0.145145889393D+01
  0.471211634422D+00 -0.106784719894D+00  0.125050341126D-01 -0.215840185997D+03
  0.158277475332D+04 -0.522647912437D+04  0.129992545607D+05 -0.268892860702D+05
  0.472098504316D+05 -0.726134612239D+05  0.100110849793D+06 -0.125471918258D+06
  0.143852990816D+06 -0.150699378032D+06  0.143065619156D+06 -0.121290836994D+06
  0.901928777962D+05 -0.578163266068D+05  0.314214602044D+05 -0.140890386269D+05
  0.478468538544D+04 -0.714315244628D+03 -0.652252860926D+03  0.886055442409D+03
 -0.750936505475D+03  0.549885686315D+03 -0.377605053294D+03  0.250834227481D+03
 -0.163002048825D+03  0.103613202440D+03 -0.638523219209D+02  0.374986570635D+02
 -0.204565702583D+02  0.100067279008D+02 -0.417712641932D+01  0.138072630958D+01
 -0.317496727395D+00  0.375988662281D-01  0.178492290822D+03 -0.131474844651D+04
  0.436625978472D+04 -0.109520088152D+05  0.229102907275D+05 -0.408285975811D+05
  0.640587647088D+05 -0.906895748253D+05  0.117764949250D+06 -0.141575109287D+06
  0.158016924849D+06 -0.163169429011D+06  0.154308308047D+06 -0.131447151157D+06
  0.987945686855D+05 -0.641008353571D+05  0.349906326512D+05 -0.152549668696D+05
  0.435001303320D+04  0.476437693619D+03 -0.200175609623D+04  0.208817021977D+04
 -0.170476299987D+04  0.125971111708D+04 -0.885799328856D+03  0.604520506950D+03
 -0.401897360753D+03  0.258216701806D+03 -0.157500538157D+03  0.888183434737D+02
 -0.446813489552D+02  0.190856804656D+02 -0.642627654877D+01  0.149921827301D+01
 -0.179481586519D+00 -0.129156859472D+03  0.953795551021D+03 -0.317793969401D+04
  0.801009060283D+04 -0.168640740357D+05  0.303101746872D+05 -0.480945654063D+05
  0.691140690876D+05 -0.915466741539D+05  0.112993058260D+06 -0.130593546799D+06
  0.141189469646D+06 -0.141692115031D+06  0.129889255109D+06 -0.105839009936D+06
  0.734062134807D+05 -0.399369142513D+05  0.128340457542D+05  0.423611775155D+04
 -0.120425552137D+05  0.136830288120D+05 -0.122645751761D+05  0.984814995467D+04
 -0.745578947562D+04  0.545183387521D+04 -0.388536552676D+04  0.269330142373D+04
 -0.179555179142D+04  0.112929874640D+04 -0.652564463201D+03  0.334573780498D+03
 -0.145024777089D+03  0.493886287245D+02 -0.116250105059D+02  0.140161233813D+01
 -0.360881151244D+02  0.265629325430D+03 -0.881288226301D+03  0.220706607898D+04
 -0.460610672281D+04  0.817934297278D+04 -0.127615078514D+05  0.179032761051D+05
 -0.228933734577D+05  0.267793871079D+05 -0.283789917046D+05  0.263078721159D+05
 -0.190896620145D+05  0.546084327092D+04  0.149795079123D+05 -0.407005333747D+05
  0.671865748032D+05 -0.877360267329D+05  0.969822000027D+05 -0.941185926272D+05
  0.826180298423D+05 -0.673720197741D+05  0.522049681939D+05 -0.390987796886D+05
  0.285955483948D+05 -0.204806292671D+05  0.142925103960D+05 -0.959424910525D+04
  0.607209579095D+04 -0.352736399162D+04  0.181626087023D+04 -0.789942693164D+03
  0.269721250550D+03 -0.636120256079D+02  0.768061094113D+01 -0.131747944154D+02
  0.988596551529D+02 -0.336110596739D+03  0.872551004232D+03 -0.190885497481D+04
  0.360551022719D+04 -0.609927356565D+04  0.951509022400D+04 -0.139956989419D+05
  0.197320808277D+05 -0.269828385589D+05  0.360709309571D+05 -0.473384815481D+05
  0.610229269440D+05 -0.769937816340D+05  0.942790988882D+05 -0.110397626176D+06
  0.120949950791D+06 -0.120990771490D+06  0.108395298673D+06 -0.859719637741D+05
  0.598366024231D+05 -0.358945051222D+05  0.175627078090D+05 -0.560809470753D+04
 -0.891579410295D+03  0.352131625083D+04 -0.385053458112D+04  0.310130911135D+04
 -0.206293808532D+04  0.115309291054D+04 -0.529071114575D+03  0.187733888508D+03
 -0.456998504120D+02  0.568923892294D+01  0.803594656405D+01 -0.600184104793D+02
  0.202867842680D+03 -0.522249981544D+03  0.113039224811D+04 -0.210667096736D+04
  0.350488311622D+04 -0.535756659832D+04  0.769043682288D+04 -0.105367288013D+05
  0.139451138478D+05 -0.179765507248D+05  0.226833690746D+05 -0.280573067260D+05
  0.339222800139D+05 -0.397357560054D+05  0.442685073375D+05 -0.452292806887D+05
  0.392878855690D+05 -0.237303512411D+05 -0.590638146721D+03  0.282996868757D+05
 -0.522038661665D+05  0.670467229422D+05 -0.712537277722D+05  0.663581538291D+05
 -0.554867610803D+05  0.420177718788D+05 -0.287550507973D+05  0.175674548439D+05
 -0.934976134215D+04  0.415955281284D+04 -0.144417477839D+04  0.345337406400D+03
 -0.422516115021D+02  0.326004217106D+01 -0.242978096199D+02  0.819135267710D+02
 -0.210067988352D+03  0.452439944649D+03 -0.837839289036D+03  0.138260089218D+04
 -0.209168427082D+04  0.296363051203D+04 -0.399512367540D+04  0.518252379254D+04
 -0.651848486009D+04  0.798103292025D+04 -0.950989008781D+04  0.109600307613D+05
 -0.120153660926D+05  0.120392014046D+05 -0.985079777997D+04  0.351645760124D+04
  0.940746544460D+04 -0.301562357453D+05  0.562280321441D+05 -0.812363180789D+05
  0.981850131048D+05 -0.103125276072D+06  0.963279407820D+05 -0.810951736960D+05
  0.618383126833D+05 -0.425732184727D+05  0.261330917550D+05 -0.139582978245D+05
  0.622583266799D+04 -0.216536287943D+04  0.518331154196D+03 -0.634417586143D+02
 -0.156898147529D+01  0.116781105611D+02 -0.393020308676D+02  0.100537283120D+03
 -0.215826850515D+03  0.397976915255D+03 -0.653138003199D+03  0.981136604928D+03
 -0.137759324071D+04  0.183575295400D+04 -0.234675534573D+04  0.289746314612D+04
 -0.346467016618D+04  0.400333640696D+04 -0.442415553113D+04  0.455173586828D+04
 -0.404887593040D+04  0.228873435387D+04  0.182413349595D+04 -0.997367805285D+04
  0.240537595532D+05 -0.444224334527D+05  0.677242103385D+05 -0.873836665379D+05
  0.972504044925D+05 -0.949794345451D+05  0.825073802137D+05 -0.642279871276D+05
  0.447924419434D+05 -0.277079952038D+05  0.148648008368D+05 -0.664600332764D+04
  0.231431054402D+04 -0.554312457071D+03  0.678675869130D+02  0.959536754655D+00
 -0.713651887640D+01  0.239944563259D+02 -0.612930569778D+02  0.131338668602D+03
 -0.241607482204D+03  0.395294145694D+03 -0.591461904633D+03  0.826277195599D+03
 -0.109406696475D+04  0.138745010363D+04 -0.169607659641D+04  0.200340763827D+04
 -0.228040139273D+04  0.247376714795D+04 -0.248423701972D+04  0.212658383967D+04
 -0.105846031145D+04 -0.133376720182D+04  0.607188599050D+04 -0.146019134368D+05
  0.282573980627D+05 -0.465237588064D+05  0.653679359583D+05 -0.785170001109D+05
  0.813497970124D+05 -0.735930499984D+05  0.587248344297D+05 -0.414970034813D+05
  0.258140179129D+05 -0.138652020386D+05  0.619215952906D+04 -0.215191715205D+04
  0.514383155627D+03 -0.628931911785D+02  0.723437923498D+00 -0.537408901006D+01
  0.180412826674D+02 -0.459827707551D+02  0.982432708725D+02 -0.180034598419D+03
  0.293086415426D+03 -0.435693279667D+03  0.603566280033D+03 -0.790542964857D+03
  0.988621643668D+03 -0.118704693404D+04  0.137019438193D+04 -0.151376069323D+04
  0.157819232880D+04 -0.149714250799D+04  0.115657382417D+04 -0.356645155838D+03
 -0.125386931055D+04  0.427082944115D+04 -0.960648827017D+04  0.183641421845D+05
 -0.311387853479D+05  0.464333457474D+05 -0.597837520946D+05  0.659151019314D+05
 -0.624546142877D+05  0.513025485884D+05 -0.367819141410D+05  0.229790485174D+05
 -0.123177368007D+05  0.547211670396D+04 -0.188963774782D+04  0.449024507281D+03
 -0.546610863562D+02  0.654802378962D+00 -0.485139878361D+01  0.162317241344D+02
 -0.411644802768D+02  0.873690065316D+02 -0.158708490219D+03  0.255372417394D+03
 -0.373766515415D+03  0.507082803055D+03 -0.645681052080D+03  0.776815674972D+03
 -0.883532430429D+03  0.942690924857D+03 -0.922072629728D+03  0.776402239347D+03
 -0.441668545972D+03 -0.174146588823D+03  0.120879113339D+04 -0.288080347785D+04
  0.554845307364D+04 -0.977246883990D+04  0.162930449759D+05 -0.257269311641D+05
  0.377409160160D+05 -0.498329941195D+05  0.574948436709D+05 -0.570576037667D+05
  0.485899199874D+05 -0.356152953498D+05  0.224514184789D+05 -0.120212838569D+05
  0.529894613253D+04 -0.180932158450D+04  0.424711158394D+03 -0.511174542781D+02
  0.521893204483D+00 -0.382498904051D+01  0.126186913508D+02 -0.313259176400D+02
  0.645735421179D+02 -0.112641520811D+03  0.171145718392D+03 -0.230404066285D+03
  0.275135848518D+03 -0.283710250947D+03  0.226527250663D+03 -0.634254807947D+02
 -0.259704646314D+03  0.814559626486D+03 -0.169329701484D+04  0.300929583760D+04
 -0.489529409910D+04  0.750271349798D+04 -0.110148739372D+05  0.156911704911D+05
 -0.219344566610D+05  0.303017716495D+05 -0.412908221087D+05  0.547282558049D+05
 -0.688042606898D+05  0.794338470308D+05 -0.816617589089D+05  0.731743448393D+05
 -0.564481928084D+05  0.371157895407D+05 -0.204712888002D+05  0.918233151180D+04
 -0.315739296372D+04  0.740142075476D+03 -0.883426006857D+02  0.420606877174D+00
 -0.322582042587D+01  0.112631517084D+02 -0.303410374804D+02  0.694329675511D+02
 -0.138395363146D+03  0.249320074760D+03 -0.417940147095D+03  0.666064628413D+03
 -0.102476723532D+04  0.153823176579D+04 -0.226821045922D+04  0.329881517945D+04
 -0.474069761757D+04  0.673260369671D+04 -0.943717890675D+04  0.130282647037D+05
 -0.176723884155D+05  0.235204131811D+05 -0.307358596326D+05  0.395630480312D+05
 -0.503605918498D+05  0.634416836225D+05 -0.785855979434D+05  0.942925997243D+05
 -0.107184525518D+06  0.112280985672D+06 -0.105246336194D+06  0.859647537021D+05
 -0.598251139059D+05  0.346590815250D+05 -0.161629564783D+05  0.571801244969D+04
 -0.136563649219D+04  0.164553651300D+03 -0.147488378849D+01  0.110098479874D+02
 -0.371908597468D+02  0.956578011431D+02 -0.206828416069D+03  0.384981370545D+03
 -0.639621715172D+03  0.976395820788D+03 -0.140003732132D+04  0.191765250406D+04
 -0.254154921651D+04  0.329146147095D+04 -0.419625769930D+04  0.529507124526D+04
 -0.663739397658D+04  0.828122363685D+04 -0.102883348931D+05  0.127172543106D+05
 -0.156184715846D+05  0.190400352479D+05 -0.230463453813D+05  0.277331509051D+05
 -0.332004587535D+05  0.394490773599D+05 -0.462015330838D+05  0.526721478418D+05
 -0.572961181718D+05  0.576147265797D+05 -0.514348972915D+05  0.391947150549D+05
 -0.246179527082D+05  0.122597204314D+05 -0.456019056731D+04  0.112990068844D+04
 -0.139797785360D+03  0.223588447964D+01 -0.166410338462D+02  0.560015766105D+02
 -0.143250255433D+03  0.307525185615D+03 -0.567143705111D+03  0.931123462774D+03
 -0.139992270645D+04  0.196901403986D+04 -0.263262137990D+04  0.338636490330D+04
 -0.422864133191D+04  0.516114534451D+04 -0.618915599202D+04  0.732232078840D+04
 -0.857683903078D+04  0.998017967059D+04 -0.115794950040D+05  0.134541401777D+05
 -0.157307457609D+05  0.185962552476D+05 -0.222997761873D+05  0.271248262247D+05
 -0.332962737785D+05  0.407716197574D+05 -0.488973849500D+05  0.560430912506D+05
 -0.595507367995D+05  0.565324016583D+05 -0.459934113339D+05  0.307437438686D+05
 -0.161388304840D+05  0.625402672170D+04 -0.159788636665D+04  0.202544165389D+03
 -0.115255387207D+01  0.858081029684D+01 -0.288882451014D+02  0.739384687701D+02
 -0.158850525393D+03  0.293248913640D+03 -0.482079322354D+03  0.726029295819D+03
 -0.102342706905D+04  0.137225214433D+04 -0.177162167602D+04  0.222267734668D+04
 -0.272909883619D+04  0.329758711264D+04 -0.393873229304D+04  0.466882086591D+04
 -0.551341411340D+04  0.651390651099D+04 -0.773838418092D+04  0.929688655950D+04
 -0.113568755985D+05  0.141460622351D+05 -0.179182024420D+05  0.228499725415D+05
 -0.288496700512D+05  0.353158577088D+05 -0.409854470200D+05  0.440712342488D+05
 -0.427882835610D+05  0.362268868071D+05 -0.255453445752D+05  0.141967245868D+05
 -0.579235294923D+04  0.154233624626D+04 -0.201547399448D+03  0.142272848404D+00
 -0.108862202484D+01  0.379047914423D+01 -0.101727643855D+02  0.231774357006D+02
 -0.459660859756D+02  0.823468852007D+02 -0.137211867597D+03  0.217304602901D+03
 -0.332215070524D+03  0.495557693916D+03 -0.726304204871D+03  0.105016044601D+04
 -0.150064909671D+04  0.211919048903D+04 -0.295307069885D+04  0.405022048507D+04
 -0.545136608559D+04  0.718434062505D+04 -0.926926157600D+04  0.117379026479D+05
 -0.146507383949D+05  0.180765947988D+05 -0.220145709409D+05  0.262934896778D+05
 -0.305253626951D+05  0.341310401515D+05 -0.363288736008D+05  0.360505354354D+05
 -0.321596576297D+05  0.244322672410D+05 -0.147548645289D+05  0.650498208351D+04
 -0.184308339274D+04  0.251156367303D+03 -0.394510094352D+00  0.294700263942D+01
 -0.996349449744D+01  0.256591403959D+02 -0.555693700901D+02  0.103648950666D+03
 -0.172659048077D+03  0.264437157722D+03 -0.380719192354D+03  0.524064671830D+03
 -0.698672537884D+03  0.911043296310D+03 -0.117049528307D+04  0.148948158137D+04
 -0.188351448045D+04  0.237034561482D+04 -0.296803675649D+04  0.369207768494D+04
 -0.455310883245D+04  0.555819908239D+04 -0.671716888706D+04  0.804946189337D+04
 -0.958136264028D+04  0.113271532249D+05 -0.132615589149D+05  0.152962090322D+05
 -0.172493651457D+05  0.187739522590D+05 -0.192778235737D+05  0.180304581724D+05
 -0.146291190365D+05  0.962229431039D+04 -0.467261184206D+04  0.145625485162D+04
 -0.215884454698D+03  0.990281434474D+00 -0.736071597070D+01  0.247295458466D+02
 -0.631024867092D+02  0.135031577360D+03 -0.247981514115D+03  0.404896556224D+03
 -0.604402703931D+03  0.842217348940D+03 -0.111256351364D+04  0.140902417364D+04
 -0.172477207910D+04  0.205241157146D+04 -0.238385562090D+04  0.271085513894D+04
 -0.302705193639D+04  0.333260675930D+04 -0.364206013224D+04  0.399444868795D+04
 -0.446223649404D+04  0.515473685679D+04 -0.621366690479D+04  0.779814930818D+04
 -0.100460466309D+05  0.129860148392D+05 -0.163969384703D+05  0.196960247994D+05
 -0.220111213668D+05  0.224865786140D+05 -0.206238495280D+05  0.164870998342D+05
 -0.108968893976D+05  0.545415681673D+04 -0.178843649607D+04  0.282303554833D+03
  0.535474425058D-01 -0.407607412167D+00  0.141044746701D+01 -0.375336125232D+01
  0.846608251730D+01 -0.165962904664D+02  0.293467971084D+02 -0.482124052759D+02
  0.752305604547D+02 -0.113302419823D+03  0.166565701501D+03 -0.240810958963D+03
  0.343911499677D+03 -0.486171162272D+03  0.680386624552D+03 -0.941308649656D+03
  0.128421770426D+04 -0.172286128257D+04  0.226831517996D+04 -0.293146662575D+04
  0.372989952124D+04 -0.469336397074D+04  0.585580888441D+04 -0.722649314355D+04
  0.875109456362D+04 -0.102902812283D+05  0.116316740631D+05 -0.125133443421D+05
  0.126353248428D+05 -0.117096538482D+05  0.962641132895D+04 -0.667244857371D+04
  0.359388937585D+04 -0.129959815738D+04  0.228437946101D+03 -0.329879508004D+00
  0.244203998292D+01 -0.816193417292D+01  0.206669755036D+02 -0.437749077539D+02
  0.793055334102D+02 -0.127159739818D+03  0.185257573095D+03 -0.249829571633D+03
  0.315639502720D+03 -0.375940686075D+03  0.422154374985D+03 -0.443402584712D+03
  0.426177398679D+03 -0.354631660258D+03  0.212220449900D+03  0.144894995861D+02
 -0.329660882213D+03  0.721462109741D+03 -0.115889454312D+04  0.159539817140D+04
 -0.197634544799D+04  0.224286038094D+04 -0.233306476759D+04  0.220095893524D+04
 -0.187019968874D+04  0.148357401643D+04 -0.124909025005D+04  0.126278530282D+04
 -0.139396257691D+04  0.140459115312D+04 -0.115765115307D+04  0.709965551139D+03
 -0.279229696111D+03  0.504065807043D+02 -0.317992217134D+00  0.236418044195D+01
 -0.794524622384D+01  0.202829039783D+02 -0.434281974996D+02  0.798155543758D+02
 -0.130450914704D+03  0.194983743124D+03 -0.272169355372D+03  0.360336335844D+03
 -0.457678051940D+03  0.562346473153D+03 -0.672420331241D+03  0.785873997537D+03
 -0.900726759112D+03  0.101562309058D+04 -0.113114848041D+04  0.125208568581D+04
 -0.139037488280D+04  0.156785466358D+04 -0.181755623357D+04  0.218271978593D+04
 -0.271242749287D+04  0.344980794329D+04 -0.440555909761D+04  0.551607812506D+04
 -0.660894366774D+04  0.741905016986D+04 -0.767203644497D+04  0.718724101368D+04
 -0.595172425407D+04  0.418008035442D+04 -0.232301491830D+04  0.898629728811D+03
 -0.177641894736D+03
label =  Sr ECP36SDF                                                                    sym.max =  2
 nombre d'exposants = 36 nombre de combinaisons lineairement independantes = 36
 coefficients des operateurs
 -0.358857059217D+12 -0.877143795564D+11 -0.594298823476D+11 -0.530909759034D+11
 -0.426250981143D+11 -0.399965011009D+11 -0.295476390038D+11 -0.220441212379D+11
 -0.182270391195D+11 -0.126747579607D+11 -0.101735880928D+11 -0.803813996220D+10
 -0.567200489355D+10 -0.417909836701D+10 -0.270089235007D+10 -0.308028394701D+09
 -0.155664029268D-28  0.230209210057D-30  0.123882271548D-26  0.315042523455D-25
  0.113249390847D-22  0.103993666361D-19  0.540928354524D-17  0.718511527001D+09
  0.460106350758D+10  0.775020730020D+10  0.114975054499D+11  0.141158413865D+11
  0.199462399653D+11  0.326087874998D+11  0.330949949644D+11  0.368537704893D+11
  0.499537274369D+11  0.610210316360D+11  0.224899984272D+12  0.431504685113D+12
 exposants des operateurs
  0.681984611237D-02  0.820309396773D-02  0.102002822813D-01  0.126837214137D-01
  0.161783284391D-01  0.206357663140D-01  0.263213132906D-01  0.335733368366D-01
  0.428234311070D-01  0.546221026733D-01  0.696715331614D-01  0.888673686198D-01
  0.113352022656D+00  0.144582665604D+00  0.184417946000D+00  0.235228605481D+00
  0.300038570197D+00  0.382704915594D+00  0.488147414927D+00  0.622641332761D+00
  0.794190888670D+00  0.101300561729D+01  0.129210797468D+01  0.164810835175D+01
  0.210219361875D+01  0.268138803254D+01  0.342016154787D+01  0.436248124912D+01
  0.556442799048D+01  0.709753397048D+01  0.905303987189D+01  0.115473249248D+02
  0.147288330557D+02  0.187869073222D+02  0.239630584038D+02  0.305653377757D+02
 coefficients des combinaisons lineaires 
 -0.102750130586D+02  0.521934072766D+02 -0.128714152142D+03  0.139033636252D+03
  0.145666283164D+03 -0.110528015681D+04  0.322254365559D+04 -0.685760047990D+04
  0.120549965164D+05 -0.185179559516D+05  0.258735611555D+05 -0.340325473636D+05
  0.432701352703D+05 -0.539331037621D+05  0.660047740868D+05 -0.788160056070D+05
  0.910019728192D+05 -0.100557782814D+06  0.104846061960D+06 -0.100857054505D+06
  0.864918815533D+05 -0.624773086159D+05  0.328154716940D+05 -0.291028482208D+04
 -0.228281176943D+05  0.420279670624D+05 -0.540106344928D+05  0.589926178604D+05
 -0.575521472191D+05  0.506004926071D+05 -0.396519335521D+05  0.269521086672D+05
 -0.151663187510D+05  0.655649735822D+04 -0.191807527898D+04  0.284083302675D+03
 -0.177127716697D+03  0.112723552783D+04 -0.417979846057D+04  0.101920404371D+05
 -0.210587400205D+05  0.395601966110D+05 -0.672428854684D+05  0.105338431004D+06
 -0.154724942647D+06  0.215945900245D+06 -0.288926357257D+06  0.372025826964D+06
 -0.460521568838D+06  0.545529079980D+06 -0.614714519717D+06  0.655422654487D+06
 -0.659106581098D+06  0.624662083577D+06 -0.558868060451D+06  0.473832246626D+06
 -0.382858348032D+06  0.296821834442D+06 -0.222453711343D+06  0.162429535157D+06
 -0.116328402728D+06  0.818094139429D+05 -0.559063460560D+05  0.362858595864D+05
 -0.217610819241D+05  0.117386569615D+05 -0.548982148486D+04  0.205777347430D+04
 -0.497613264675D+03  0.582333567122D+00  0.499350819098D+02 -0.132482150303D+02
 -0.267197802421D+03  0.167972689667D+04 -0.611933980164D+04  0.145978042079D+05
 -0.292484880156D+05  0.528420409010D+05 -0.854880650020D+05  0.125830196450D+06
 -0.170970095514D+06  0.216808026070D+06 -0.258699323195D+06  0.292392246814D+06
 -0.315029830910D+06  0.325914506426D+06 -0.326671391858D+06  0.320496982988D+06
 -0.310448266998D+06  0.297402615644D+06 -0.279331553523D+06  0.253056660501D+06
 -0.217342375309D+06  0.174798125120D+06 -0.131202787500D+06  0.930599554898D+05
 -0.651911153460D+05  0.493683012927D+05 -0.437832314325D+05  0.434400091318D+05
 -0.423524711649D+05  0.368507250165D+05 -0.272346357502D+05  0.164898982685D+05
 -0.776215779670D+04  0.259048038197D+04 -0.517126764926D+03  0.413087877367D+02
  0.326649168141D+03 -0.200686477349D+04  0.707748050065D+04 -0.162336936058D+05
  0.308464797341D+05 -0.522812442311D+05  0.784329959701D+05 -0.105812948198D+06
  0.130328869812D+06 -0.148263779382D+06  0.156919657738D+06 -0.155091073350D+06
  0.143590935342D+06 -0.125353157923D+06  0.104970121345D+06 -0.880642704828D+05
  0.799331397774D+05 -0.829751588541D+05  0.947407845792D+05 -0.109084756981D+06
  0.119929629774D+06 -0.124469254514D+06  0.123428542062D+06 -0.118831795984D+06
  0.111586669619D+06 -0.100761227665D+06  0.849348387312D+05 -0.645107006306D+05
  0.426431670742D+05 -0.235860411464D+05  0.102120717806D+05 -0.291888019306D+04
  0.143928783070D+03  0.331900999967D+03 -0.161601710818D+03  0.284458894126D+02
  0.828277040027D+02 -0.454777869528D+03  0.132966867790D+04 -0.227568463510D+04
  0.229416670948D+04  0.345291250595D+03 -0.814054214281D+04  0.228587496031D+05
 -0.441340383017D+05  0.686975521621D+05 -0.912880975100D+05  0.107136460022D+06
 -0.114132184473D+06  0.113041383102D+06 -0.106217565479D+06  0.962289857003D+05
 -0.850917830160D+05  0.740866779262D+05 -0.642416871014D+05  0.569334368198D+05
 -0.535376451354D+05  0.543564112712D+05 -0.581148887192D+05  0.624870928298D+05
 -0.649664599698D+05  0.634705131619D+05 -0.568454682066D+05  0.454478859518D+05
 -0.313657695456D+05  0.178249221582D+05 -0.780070204096D+04  0.245823792019D+04
 -0.672784524462D+03  0.349463583371D+03 -0.198106734495D+03  0.486371164577D+02
  0.166365896976D+03 -0.103542667350D+04  0.372134663089D+04 -0.874206555582D+04
  0.171883732617D+05 -0.304493340797D+05  0.483589369795D+05 -0.701661214525D+05
  0.947213606827D+05 -0.120679713949D+06  0.146395717765D+06 -0.169541190068D+06
  0.187072377976D+06 -0.196271587933D+06  0.196301992275D+06 -0.188733490569D+06
  0.176467899392D+06 -0.161923834707D+06  0.145910178377D+06 -0.128141990003D+06
  0.108779322925D+06 -0.893478310020D+05  0.722807182490D+05 -0.597170230056D+05
  0.525075034873D+05 -0.498148437212D+05  0.493028002868D+05 -0.479493393693D+05
  0.434516154322D+05 -0.354968481648D+05  0.257172041788D+05 -0.163269530674D+05
  0.884639705252D+04 -0.382514591231D+04  0.114529633004D+04 -0.172350788980D+03
 -0.197886981293D+02  0.136882485515D+03 -0.556860478840D+03  0.147303289315D+04
 -0.326133528786D+04  0.633646881011D+04 -0.105579398354D+05  0.149384609752D+05
 -0.173551961616D+05  0.148592402652D+05 -0.500239774213D+04 -0.121973018833D+05
  0.334848782312D+05 -0.542341317922D+05  0.714477359871D+05 -0.850791917300D+05
  0.972654304198D+05 -0.110930616271D+06  0.128208912683D+06 -0.148716432879D+06
  0.169120916825D+06 -0.185193761323D+06  0.194678978838D+06 -0.198036659200D+06
  0.196598571657D+06 -0.190379351909D+06  0.177577172968D+06 -0.156144447176D+06
  0.126263764639D+06 -0.916396657390D+05  0.582997801779D+05 -0.316992184921D+05
  0.142570793895D+05 -0.502099795633D+04  0.123582688323D+04 -0.158244432699D+03
 -0.510344588631D+02  0.333711695083D+03 -0.128191314561D+04  0.324823222637D+04
 -0.702257798524D+04  0.138102470230D+05 -0.245105839275D+05  0.398316482688D+05
 -0.600061624798D+05  0.844369695855D+05 -0.111213001495D+06  0.136587477055D+06
 -0.155175407763D+06  0.161604364554D+06 -0.152856431705D+06  0.129604057062D+06
 -0.958712289135D+05  0.574608012719D+05 -0.199716288666D+05 -0.124829620803D+05
  0.374493571958D+05 -0.540732639154D+05  0.633401452744D+05 -0.678242267161D+05
  0.704598512782D+05 -0.731395012620D+05  0.758308402734D+05 -0.765167269720D+05
  0.723687530071D+05 -0.617660426599D+05  0.458780954696D+05 -0.285709216792D+05
  0.142856423010D+05 -0.539206553772D+04  0.137086115414D+04 -0.175977936977D+03
 -0.500333482688D+03  0.302698404859D+04 -0.104306367433D+05  0.232100663737D+05
 -0.421402380697D+05  0.670775651687D+05 -0.922042025000D+05  0.110014812023D+06
 -0.113959677347D+06  0.101574012709D+06 -0.761869490001D+05  0.457168203111D+05
 -0.190092346270D+05  0.227876434402D+04  0.236533777541D+04  0.363426772006D+04
 -0.168378301552D+05  0.332221264481D+05 -0.489372453670D+05  0.610557924142D+05
 -0.685197369521D+05  0.720016305933D+05 -0.723609759312D+05  0.694717890330D+05
 -0.626564518261D+05  0.520021072208D+05 -0.391261560770D+05  0.265286037916D+05
 -0.160730005699D+05  0.826897414367D+04 -0.293043259132D+04 -0.772186162877D+02
  0.103022725158D+04 -0.761759540850D+03  0.275165072115D+03 -0.425176886866D+02
  0.138318891704D+03 -0.821654041144D+03  0.276138415375D+04 -0.597369563115D+04
  0.104976975862D+05 -0.162832081520D+05  0.223898331486D+05 -0.285418003277D+05
  0.358968921113D+05 -0.467909574692D+05  0.626655689606D+05 -0.813545399909D+05
  0.965575458959D+05 -0.100751214887D+06  0.895819922352D+05 -0.646129882758D+05
  0.326023113727D+05 -0.202817385523D+04 -0.206456917652D+05  0.328826781854D+05
 -0.356757461652D+05  0.318978277319D+05 -0.248170685606D+05  0.172064454733D+05
 -0.108322871970D+05  0.625773544082D+04 -0.295423664424D+04 -0.122390733860D+03
  0.351201111444D+04 -0.655264477553D+04  0.790422451339D+04 -0.695411113607D+04
  0.452606961128D+04 -0.211042758182D+04  0.638849041447D+03 -0.946772457438D+02
  0.139256796608D+03 -0.852215572221D+03  0.298286721152D+04 -0.675638426202D+04
  0.125350349714D+05 -0.203812406517D+05  0.284463142646D+05 -0.338040593366D+05
  0.330683900764D+05 -0.236727380414D+05  0.541602631832D+04  0.188983755042D+05
 -0.448220598611D+05  0.686181157546D+05 -0.884945234921D+05  0.104332763297D+06
 -0.116900751226D+06  0.127090046891D+06 -0.135396373998D+06  0.141594402010D+06
 -0.144277477164D+06  0.140688473729D+06 -0.127852541125D+06  0.104797643661D+06
 -0.740325240748D+05  0.410887659757D+05 -0.125052556057D+05 -0.683512189195D+04
  0.156811219686D+05 -0.163090933044D+05  0.125842794268D+05 -0.785993719205D+04
  0.400318644592D+04 -0.158550455841D+04  0.434079883939D+03 -0.611439803864D+02
  0.223868285105D+03 -0.133073331688D+04  0.446625124479D+04 -0.960240963857D+04
  0.165570683958D+05 -0.245216062749D+05  0.303645111738D+05 -0.308438481098D+05
  0.241409747998D+05 -0.110382062619D+05 -0.529517468367D+04  0.206726120512D+05
 -0.308917935929D+05  0.319508488628D+05 -0.209230298744D+05 -0.226910905446D+04
  0.339958177643D+05 -0.680217519974D+05  0.976638289488D+05 -0.117445795258D+06
  0.123543404135D+06 -0.113983899443D+06  0.897365316681D+05 -0.557056637925D+05
  0.195754129535D+05  0.114957510286D+05 -0.336461388435D+05  0.462872511858D+05
 -0.502036247258D+05  0.463869449479D+05 -0.365728750846D+05  0.239934595009D+05
 -0.125669290436D+05  0.492096499987D+04 -0.127646035580D+04  0.163538543268D+03
  0.213650796834D+03 -0.131791700693D+04  0.467362613885D+04 -0.107893509192D+05
  0.206726210325D+05 -0.353712689831D+05  0.536351755870D+05 -0.732715587015D+05
  0.917758889619D+05 -0.107329848381D+06  0.119636955584D+06 -0.129994469196D+06
  0.140552896841D+06 -0.153360136570D+06  0.169631685714D+06 -0.189427103304D+06
  0.211758843314D+06 -0.234764389797D+06  0.255912212519D+06 -0.272618576695D+06
  0.282906154547D+06 -0.285443725048D+06  0.279142509180D+06 -0.262875231500D+06
  0.235922686369D+06 -0.199317879612D+06  0.156870743926D+06 -0.114488775713D+06
  0.779623933873D+05 -0.504495453196D+05  0.314645910982D+05 -0.184920695571D+05
  0.953660879567D+04 -0.388550633794D+04  0.107858950986D+04 -0.150011021577D+03
  0.399757981593D+02 -0.304767941076D+03  0.137374333989D+04 -0.399195081018D+04
  0.978067291014D+04 -0.211343060723D+05  0.398834393553D+05 -0.665648748268D+05
  0.994044847149D+05 -0.134200667276D+06  0.165767063522D+06 -0.190237114017D+06
  0.206394802447D+06 -0.215347360631D+06  0.219618861333D+06 -0.222604522731D+06
  0.228077356988D+06 -0.239059193490D+06  0.256026258558D+06 -0.275485253817D+06
  0.290353685908D+06 -0.292530254836D+06  0.276812601223D+06 -0.244096535871D+06
  0.201156581398D+06 -0.156754689543D+06  0.117318114171D+06 -0.852690005475D+05
  0.600516979532D+05 -0.401085055319D+05  0.244215748739D+05 -0.128849398456D+05
  0.554651944734D+04 -0.179339799771D+04  0.377749891728D+03 -0.374227889646D+02
  0.326473767507D+02 -0.183943894816D+03  0.560755519049D+03 -0.102342549601D+04
  0.120097480270D+04 -0.315910892303D+03 -0.306877884633D+04  0.107308473704D+05
 -0.244287422010D+05  0.454341692919D+05 -0.741372580504D+05  0.109900102672D+06
 -0.151102371457D+06  0.195404779230D+06 -0.240494027929D+06  0.284965834178D+06
 -0.328476806432D+06  0.370998147677D+06 -0.411710785796D+06  0.448048301790D+06
 -0.475303094154D+06  0.487143630362D+06 -0.477128769830D+06  0.441243510791D+06
 -0.380979249418D+06  0.304640457635D+06 -0.224657207816D+06  0.152446632118D+06
 -0.947506612728D+05  0.533223077906D+05 -0.265989221118D+05  0.113800987427D+05
 -0.397320232673D+04  0.104550387164D+04 -0.180245098191D+03  0.148241399761D+02
  0.825345215941D+02 -0.519484691780D+03  0.189543539779D+04 -0.452855633132D+04
  0.908637404263D+04 -0.164238187622D+05  0.265264811232D+05 -0.388117132691D+05
  0.519945325980D+05 -0.640670797046D+05  0.724907628434D+05 -0.749114443712D+05
  0.706300005345D+05 -0.618726267394D+05  0.530185577768D+05 -0.479249213111D+05
  0.479278614404D+05 -0.521977339171D+05  0.595357790581D+05 -0.696939177538D+05
  0.832185079271D+05 -0.100174015875D+06  0.118765447599D+06 -0.135126741831D+06
  0.144966073094D+06 -0.145900050120D+06  0.138324225394D+06 -0.124118114850D+06
  0.104778364221D+06 -0.812791780427D+05  0.557997635822D+05 -0.324506006038D+05
  0.152124201990D+05 -0.536852001329D+04  0.126407314090D+04 -0.148383495383D+03
  0.180144076818D+03 -0.555723735787D+03  0.649162341873D+03 -0.182610461371D+03
 -0.401229301406D+03  0.606508085938D+03 -0.472113446288D+03  0.251479828404D+03
 -0.100664451277D+03  0.319500769275D+02 -0.837341289963D+01  0.187817534340D+01
 -0.373211977283D+00  0.680056569099D-01 -0.117652552423D-01  0.200040702231D-02
 -0.345566144320D-03  0.625327060926D-04 -0.121699936220D-04  0.260085130238D-05
 -0.619153902996D-06  0.165411567171D-06 -0.496283592363D-07  0.166327242080D-07
 -0.616147361805D-08  0.248575417846D-08 -0.107231867576D-08  0.484156164828D-09
 -0.223257910640D-09  0.102225406012D-09 -0.449595247200D-10  0.182319352908D-10
 -0.646026438034D-11  0.185063745613D-11 -0.375881034852D-12  0.400465766217D-13
 -0.159702118610D+02 -0.134674333586D+01  0.671966332563D+02 -0.584355488391D+02
 -0.424657095055D+02  0.116399517944D+03 -0.111409393031D+03  0.666683870598D+02
 -0.286578910723D+02  0.949157749089D+01 -0.254265127999D+01  0.573585612775D+00
 -0.113094442991D+00  0.202113738237D-01 -0.339445486770D-02  0.555282751150D-03
 -0.915900642081D-04  0.157289629131D-04 -0.289241695470D-05  0.582615518430D-06
 -0.130653121774D-06  0.329234058390D-07 -0.934448998564D-08  0.297510109693D-08
 -0.105229973505D-08  0.407595021477D-09 -0.169762372234D-09  0.744017457756D-10
 -0.334680620842D-10  0.150146847682D-10 -0.649475273408D-11  0.259868112150D-11
 -0.910982145886D-12  0.258744310079D-12 -0.521987230493D-13  0.553163195950D-14
  0.309924905185D+03 -0.124663004054D+04  0.231772123291D+04 -0.223358291803D+04
  0.904777604985D+03  0.411692517205D+03 -0.969251930365D+03  0.824460607051D+03
 -0.462839251771D+03  0.195060607691D+03 -0.657571977235D+02  0.185445976504D+02
 -0.454633113517D+01  0.100458142860D+01 -0.207285718095D+00  0.413525716895D-01
 -0.824653807212D-02  0.169527504664D-02 -0.369011802345D-03  0.868974738666D-04
 -0.224784357940D-04  0.644233168061D-05 -0.204980626034D-05  0.721175085811D-06
 -0.277995882968D-06  0.115834741986D-06 -0.512869454419D-07  0.236437405860D-07
 -0.110851294775D-07  0.514281968577D-08 -0.228544788345D-08  0.934394617304D-09
 -0.333222359108D-09  0.959377156481D-10 -0.195626799669D-10  0.209064703996D-11
  0.767573052211D+03 -0.374087217262D+04  0.948266548135D+04 -0.145338793826D+05
  0.159170786871D+05 -0.138043714854D+05  0.933529341066D+04 -0.499190300177D+04
  0.215115532661D+04 -0.762994723511D+03  0.227939970589D+03 -0.588134000920D+02
  0.134695374102D+02 -0.281983592607D+01  0.556650496806D+00 -0.106973807922D+00
  0.206529774466D-01 -0.412614323969D-02  0.875554982062D-03 -0.201540572417D-03
  0.510878690030D-04 -0.143822606852D-04  0.450533297940D-05 -0.156399479079D-05
  0.596074476770D-06 -0.246023354528D-06  0.108077990260D-06 -0.495065415900D-07
  0.230904980404D-07 -0.106680079762D-07  0.472507103203D-08 -0.192672633434D-08
  0.685672406121D-09 -0.197086533190D-09  0.401359775160D-10 -0.428494378175D-11
 -0.666352428292D+03  0.358278602536D+04 -0.103902194807D+05  0.186112693084D+05
 -0.248544447623D+05  0.268273521796D+05 -0.228721078680D+05  0.155086475080D+05
 -0.847755892735D+04  0.380148075314D+04 -0.142733388883D+04  0.459309647499D+03
 -0.129993331327D+03  0.332796699934D+02 -0.794029459295D+01  0.182070032385D+01
 -0.413628867845D+00  0.958175029485D-01 -0.232187502090D-01  0.601029151405D-02
 -0.168759756781D-02  0.518711329042D-03 -0.175040035396D-03  0.646642392821D-04
 -0.259452754324D-04  0.111685423406D-04 -0.507644218180D-05  0.238995570391D-05
 -0.113939372793D-05  0.535655064932D-06 -0.240543706391D-06  0.991572509098D-07
 -0.355903372007D-07  0.102987527327D-07 -0.210835317522D-08  0.226016707834D-09
  0.689806159558D+03 -0.388432921828D+04  0.120505307553D+05 -0.234866933746D+05
  0.353004956251D+05 -0.440867659678D+05  0.446206249321D+05 -0.366260126126D+05
  0.245300428780D+05 -0.135478181508D+05  0.626460520110D+04 -0.247262628263D+04
  0.852293476162D+03 -0.263253502484D+03  0.749286268523D+02 -0.202343430770D+02
  0.533843325487D+01 -0.141505437260D+01  0.386468982865D+00 -0.111067746594D+00
  0.341257946976D-01 -0.113230526740D-01  0.407399168120D-02 -0.158710344993D-02
  0.665106694497D-03 -0.296595762388D-03  0.138700452838D-03 -0.668017454592D-04
  0.324288335378D-04 -0.154656067344D-04  0.702403857403D-05 -0.292133347555D-05
  0.105589713161D-05 -0.307220824761D-06  0.631639452040D-07 -0.679392443072D-08
 -0.681241741808D+03  0.396502865509D+04 -0.129105295770D+05  0.267444234452D+05
 -0.438334473264D+05  0.611235164736D+05 -0.709235472632D+05  0.684473704621D+05
 -0.549781892766D+05  0.368725363644D+05 -0.208166571271D+05  0.100275466074D+05
 -0.419831152673D+04  0.156247014533D+04 -0.530223212330D+03  0.168606034781D+03
 -0.516617073838D+02  0.156713251701D+02 -0.482451362185D+01  0.153955592589D+01
 -0.517668716787D+00  0.185431866589D+00 -0.711382096147D-01  0.292250312261D-01
 -0.127919210387D-01  0.590940474351D-02 -0.284317383427D-02  0.140084018173D-02
 -0.692447889209D-03  0.334998290421D-03 -0.153875574020D-03  0.645690267464D-04
 -0.235014484828D-04  0.687539642346D-05 -0.141962686377D-05  0.153206903291D-06
  0.177819130212D+03 -0.109623574640D+04  0.388372518728D+04 -0.895336002156D+04
  0.171155035997D+05 -0.291833581510D+05  0.440207135146D+05 -0.596723834239D+05
  0.739287118697D+05 -0.852607746457D+05  0.936862406157D+05 -0.100931697549D+06
  0.109539724062D+06 -0.121594992557D+06  0.138122814540D+06 -0.159254880951D+06
  0.184472892551D+06 -0.212616923155D+06  0.241856769086D+06 -0.269748216473D+06
  0.293348310800D+06 -0.309407400186D+06  0.314632857219D+06 -0.306339580644D+06
  0.283435013285D+06 -0.247077874799D+06  0.200852594128D+06 -0.150520928751D+06
  0.102928062764D+06 -0.638615362932D+05  0.359585252761D+05 -0.183536162858D+05
  0.829585581344D+04 -0.308769340498D+04  0.815369337072D+03 -0.110487964462D+03
 -0.179974983362D+03  0.110592413629D+04 -0.389548164718D+04  0.889964281438D+04
 -0.167359373797D+05  0.277574832938D+05 -0.399312642350D+05  0.498136162488D+05
 -0.530775522799D+05  0.457094819918D+05 -0.255505669620D+05 -0.670068442675D+04
  0.478878467792D+05 -0.940520852002D+05  0.142092984946D+06 -0.190039905234D+06
  0.236000663531D+06 -0.277295134331D+06  0.310829551941D+06 -0.334350957033D+06
  0.347401674414D+06 -0.351070008254D+06  0.346685711144D+06 -0.334212122081D+06
  0.311470450008D+06 -0.275658842870D+06  0.226729310188D+06 -0.169514990153D+06
  0.112425361626D+06 -0.639412185188D+05  0.294447871520D+05 -0.969888434797D+04
  0.138143340919D+04  0.586364309948D+03 -0.394431201686D+03  0.777869367686D+02
  0.552576910207D+02 -0.382553793178D+03  0.156478173357D+04 -0.418807279103D+04
  0.949128687974D+04 -0.191737004275D+05  0.340413659896D+05 -0.535052621047D+05
  0.747809710804D+05 -0.928859104163D+05  0.102038170944D+06 -0.980610493336D+05
  0.802603913578D+05 -0.514250857723D+05  0.161778176609D+05  0.205088343965D+05
 -0.535458048146D+05  0.776231149429D+05 -0.881377715894D+05  0.830556117876D+05
 -0.640272327312D+05  0.355758815911D+05 -0.337028395409D+04 -0.266632194879D+05
  0.486759005952D+05 -0.583263871326D+05  0.549626432677D+05 -0.422034187207D+05
  0.260587430348D+05 -0.121293850640D+05  0.346252016718D+04  0.898835657057D+02
 -0.660439811856D+03  0.337285953248D+03 -0.838013557716D+02  0.882196474150D+01
  0.239899937586D+03 -0.143894101181D+04  0.489519046562D+04 -0.107127634461D+05
  0.189732424836D+05 -0.291845420177D+05  0.382181839278D+05 -0.424557393689D+05
  0.393039570711D+05 -0.287315428941D+05  0.137848160451D+05  0.400088689182D+03
 -0.855074970258D+04  0.707635847795D+04  0.498081246318D+04 -0.259236004262D+05
  0.521702511701D+05 -0.796854233122D+05  0.105424615507D+06 -0.127731817453D+06
  0.145848508029D+06 -0.159602024984D+06  0.169344066462D+06 -0.175532251799D+06
  0.177976574210D+06 -0.175448176579D+06  0.166307109679D+06 -0.149822534873D+06
  0.126909816429D+06 -0.997981826091D+05  0.713747458494D+05 -0.448413590389D+05
  0.234307952568D+05 -0.937987217689D+04  0.251550166443D+04 -0.334815846685D+03
 -0.263512744322D+03  0.156501089338D+04 -0.524324898896D+04  0.112374978314D+05
 -0.192489592246D+05  0.281345203895D+05 -0.338740529178D+05  0.321830648215D+05
 -0.204718599419D+05 -0.410650016539D+03  0.260569984761D+05 -0.504797755474D+05
  0.690286113625D+05 -0.804295266542D+05  0.867776553563D+05 -0.916592780685D+05
  0.979598885783D+05 -0.106893797126D+06  0.118385569058D+06 -0.131891263308D+06
  0.146780190560D+06 -0.162216602764D+06  0.177049675170D+06 -0.189814799849D+06
  0.198481424653D+06 -0.200141046788D+06  0.191725570205D+06 -0.171872470516D+06
  0.142197697121D+06 -0.106820451526D+06  0.710240973407D+05 -0.401403635862D+05
  0.181941172836D+05 -0.609769250744D+04  0.132800471659D+04 -0.140383578002D+03
  0.334724642530D+03 -0.205121371609D+04  0.720568277389D+04 -0.164426793783D+05
  0.310028317553D+05 -0.520010850407D+05  0.769555699258D+05 -0.102102657414D+06
  0.123578364218D+06 -0.138932303361D+06  0.147960208218D+06 -0.152024727383D+06
  0.152121541486D+06 -0.147539371345D+06  0.136822869359D+06 -0.120103420571D+06
  0.100046537562D+06 -0.803297171411D+05  0.632954099699D+05 -0.487034727174D+05
  0.341250185307D+05 -0.169568764265D+05 -0.300467932877D+04  0.228315119339D+05
 -0.383342409904D+05  0.463780268215D+05 -0.457843399257D+05  0.374571383774D+05
 -0.245731343100D+05  0.117920161377D+05 -0.292145910124D+04 -0.102983058187D+04
  0.157531211677D+04 -0.887224968382D+03  0.281736101201D+03 -0.420407129766D+02
 -0.718551422723D+03  0.444190164918D+04 -0.158039765275D+05  0.366458716207D+05
 -0.706870059521D+05  0.122061498626D+06 -0.187354543447D+06  0.259856414910D+06
 -0.330894642343D+06  0.391915353703D+06 -0.436257475288D+06  0.460453937699D+06
 -0.465122897731D+06  0.454798485206D+06 -0.435947304687D+06  0.413538400953D+06
 -0.388357111091D+06  0.357710335407D+06 -0.319038512722D+06  0.272806715936D+06
 -0.222399546843D+06  0.172144952811D+06 -0.125633198274D+06  0.851364956409D+05
 -0.517324051826D+05  0.257091693294D+05 -0.699803551501D+04 -0.472673338283D+04
  0.102765480661D+05 -0.110737217078D+05  0.895968634619D+04 -0.577051083228D+04
  0.290711398705D+04 -0.107360386231D+04  0.256325023801D+03 -0.295372756874D+02
  0.124484103675D+03 -0.797684806114D+03  0.298367074657D+04 -0.734035281029D+04
  0.153059429183D+05 -0.289407881756D+05  0.492379676925D+05 -0.764460849379D+05
  0.109564148961D+06 -0.145942698227D+06  0.181361823026D+06 -0.211269187946D+06
  0.232765937811D+06 -0.245338850708D+06  0.249485017870D+06 -0.245276576279D+06
  0.232933658343D+06 -0.214154553290D+06  0.191662526872D+06 -0.167522669165D+06
  0.142713384817D+06 -0.118139578525D+06  0.953131410203D+05 -0.759957985399D+05
  0.614584674988D+05 -0.519266519559D+05  0.463618155193D+05 -0.427509533687D+05
  0.389038402833D+05 -0.333578973609D+05  0.259058978372D+05 -0.175182231538D+05
  0.981383180305D+04 -0.423464602816D+04  0.123930337596D+04 -0.182001249492D+03
  0.231268515506D+03 -0.141508558504D+04  0.496076379857D+04 -0.112931960099D+05
  0.212311028451D+05 -0.355034124396D+05  0.524001327378D+05 -0.694099415311D+05
  0.840301854098D+05 -0.946818775376D+05  0.101010608385D+06 -0.103228242480D+06
  0.101130233290D+06 -0.939177243563D+05  0.812022739909D+05 -0.642044383612D+05
  0.456894486610D+05 -0.288637861763D+05  0.168942824871D+05 -0.132457657183D+05
  0.211688195052D+05 -0.416910229612D+05  0.719312230480D+05 -0.105694348979D+06
  0.135804800067D+06 -0.156045228987D+06  0.161860494030D+06 -0.151053386733D+06
  0.125244552285D+06 -0.905703018040D+05  0.557692614956D+05 -0.282997853121D+05
  0.112842798682D+05 -0.328992165918D+04  0.621069919289D+03 -0.571765104708D+02
  0.477923312618D+03 -0.293264189053D+04  0.103221499494D+05 -0.236117629844D+05
  0.446711214052D+05 -0.752285639094D+05  0.111793499496D+06 -0.148723520680D+06
  0.179472490631D+06 -0.198199147744D+06  0.200753339561D+06 -0.184831694394D+06
  0.149813626193D+06 -0.969421271207D+05  0.297504180982D+05  0.458850273492D+05
 -0.122065031852D+06  0.189544437916D+06 -0.239388120953D+06  0.265698462845D+06
 -0.268000092236D+06  0.251412308257D+06 -0.224247343847D+06  0.194551405689D+06
 -0.167516594164D+06  0.144745087961D+06 -0.125183824359D+06  0.106697646849D+06
 -0.874379788999D+05  0.668927086890D+05 -0.463192030067D+05  0.280809735921D+05
 -0.142743298718D+05  0.567724094958D+04 -0.155385649931D+04  0.215906137568D+03
 -0.201568994852D+03  0.119909601964D+04 -0.402829984737D+04  0.866866969051D+04
 -0.149562675763D+05  0.221359541224D+05 -0.272967081486D+05  0.273520152065D+05
 -0.204955662055D+05  0.751399744590D+04  0.799387628846D+04 -0.207337885379D+05
  0.257991309673D+05 -0.211452754206D+05  0.893842947136D+04  0.599129192678D+04
 -0.199650228509D+05  0.332099773420D+05 -0.490872075272D+05  0.708370448941D+05
 -0.988220494184D+05  0.130161290678D+06 -0.160323530847D+06  0.184917414371D+06
 -0.200463154185D+06  0.204345679498D+06 -0.194874591444D+06  0.171890731691D+06
 -0.137766597265D+06  0.979953867024D+05 -0.600722372728D+05  0.305663860982D+05
 -0.122587511930D+05  0.357800674157D+04 -0.659079741578D+03  0.549077741019D+02
 -0.149211684644D+02  0.905298372672D+02 -0.313305816689D+03  0.701138925942D+03
 -0.128390639579D+04  0.206760539156D+04 -0.288674196290D+04  0.351288180709D+04
 -0.371499740398D+04  0.333126104322D+04 -0.231540947782D+04  0.750204506898D+03
  0.116466155557D+04 -0.316682035309D+04  0.504155364757D+04 -0.673131950390D+04
  0.834114555999D+04 -0.100127875626D+05  0.117565097314D+05 -0.133418752847D+05
  0.143029303214D+05 -0.140586507553D+05  0.121575634825D+05 -0.861402386619D+04
  0.411374572074D+04  0.117167398684D+03 -0.281387645853D+04  0.333790093941D+04
 -0.202830838094D+04 -0.610277939524D+02  0.180427416471D+04 -0.254746343311D+04
  0.227444701904D+04 -0.143103169596D+04  0.590153344264D+03 -0.118931349378D+03
  0.622524040150D+01 -0.536103751219D+02  0.267357526110D+03 -0.836153134709D+03
  0.218084627652D+04 -0.495668890864D+04  0.978159519563D+04 -0.170567964215D+05
  0.267134449746D+05 -0.381375819568D+05  0.504197344438D+05 -0.627850519407D+05
  0.748456705434D+05 -0.865103539263D+05  0.976869044617D+05 -0.108004855888D+06
  0.116652954600D+06 -0.122266697570D+06  0.122842049148D+06 -0.115972422447D+06
  0.100027231389D+06 -0.758688051030D+05  0.472332924799D+05 -0.190212461038D+05
 -0.486966519643D+04  0.224726114057D+05 -0.334185262954D+05  0.382225046877D+05
 -0.377774200341D+05  0.331750100078D+05 -0.257575024767D+05  0.171943201029D+05
 -0.935597222441D+04  0.379850565925D+04 -0.988107304512D+03  0.116865086610D+03
label =  Sr ECP36SDF                                                                    sym.max =  3
 nombre d'exposants = 32 nombre de combinaisons lineairement independantes = 32
 coefficients des operateurs
 -0.235678822996D+01 -0.213148582373D+01 -0.202804743111D+01 -0.189624905195D+01
 -0.173773731126D+01 -0.154783653356D+01 -0.134131934580D+01 -0.110270288695D+01
 -0.876505591889D+00 -0.647352955704D+00 -0.447496245312D+00 -0.266348874359D+00
 -0.128779272276D+00 -0.489522755197D-01 -0.139349356608D-01 -0.288142836946D-02
 -0.411150671503D-03 -0.441584103360D-04 -0.363066141018D-05 -0.183666178782D-06
 -0.543655999624D-08 -0.935273737428D-10 -0.731186039381D-12 -0.273649151595D-15
 -0.912493651475D-18 -0.176008733995D-20 -0.189816804610D-23 -0.536684740696D-27
 -0.176558480059D-29  0.759380512844D-28  0.497056418854D-03  0.352776506373D-01
 exposants des operateurs
  0.126325496414D-01  0.147024543182D-01  0.178278511678D-01  0.220029882480D-01
  0.271559083192D-01  0.341130465309D-01  0.428525509051D-01  0.538310501645D-01
  0.676221578555D-01  0.849464429741D-01  0.106709078840D+00  0.134047137329D+00
  0.168388999524D+00  0.211528986935D+00  0.265721112663D+00  0.339747086418D+00
  0.434395602114D+00  0.555411795066D+00  0.710141310356D+00  0.907976181195D+00
  0.116092492240D+01  0.148434144349D+01  0.189785702619D+01  0.242657193711D+01
  0.310257900607D+01  0.396691165083D+01  0.507203459274D+01  0.648502844891D+01
  0.829166150470D+01  0.106015958219D+02  0.135550436913D+02  0.173312784756D+02
 coefficients des combinaisons lineaires 
  0.886768413004D+01 -0.493547807443D+02  0.162139979572D+03 -0.414074378695D+03
  0.817286135609D+03 -0.143513247670D+04  0.236965016032D+04 -0.363563673031D+04
  0.522486802731D+04 -0.709077267234D+04  0.913508445349D+04 -0.111899719123D+05
  0.129938116625D+05 -0.141480274713D+05  0.139329613845D+05 -0.132743773171D+05
  0.131136448758D+05 -0.128187833741D+05  0.121236934791D+05 -0.108963718810D+05
  0.914563324836D+04 -0.703379893545D+04  0.483386695446D+04 -0.282667081210D+04
  0.120058459849D+04 -0.310049306663D+02 -0.670157261117D+03  0.927986128318D+03
 -0.830138821821D+03  0.536069351203D+03 -0.233212574076D+03  0.522406041709D+02
 -0.514342752196D+01  0.280026863525D+02 -0.890287429841D+02  0.217837969781D+03
 -0.408470858490D+03  0.671049274046D+03 -0.102320608843D+04  0.142865578057D+04
 -0.183848741370D+04  0.219460911040D+04 -0.243760229966D+04  0.251502202888D+04
 -0.238950517461D+04  0.204587066628D+04 -0.148941485982D+04  0.897414448476D+03
 -0.374463906683D+03 -0.160946872958D+03  0.729683456758D+03 -0.134135922478D+04
  0.200362941210D+04 -0.271592673852D+04  0.344999717820D+04 -0.412824823577D+04
  0.462003999489D+04 -0.477112824966D+04  0.446243310617D+04 -0.367898238357D+04
  0.256310739975D+04 -0.140718118726D+04  0.534784639712D+03 -0.102777702032D+03
  0.526459925973D+01 -0.290156674047D+02  0.939728752257D+02 -0.235690304210D+03
  0.455606108003D+03 -0.779728893139D+03  0.125105057086D+04 -0.186076414876D+04
  0.258920283987D+04 -0.340345196478D+04  0.425732347511D+04 -0.508879649808D+04
  0.581209368686D+04 -0.629537029193D+04  0.626176565148D+04 -0.616487047173D+04
  0.647943317346D+04 -0.698835098302D+04  0.762541974280D+04 -0.834357294965D+04
  0.908612441244D+04 -0.977372740725D+04  0.102986074130D+05 -0.105273786310D+05
  0.103153538373D+05 -0.953640449394D+04  0.813479135527D+04 -0.619778246908D+04
  0.401413203665D+04 -0.203994239691D+04  0.703775989207D+03 -0.119574946812D+03
 -0.657973571832D+01  0.361620978346D+02 -0.116628731657D+03  0.290917891225D+03
 -0.558698679890D+03  0.948108625246D+03 -0.150604474413D+04  0.221407229909D+04
 -0.304022169539D+04  0.393799032948D+04 -0.484885205515D+04  0.570216292624D+04
 -0.640906404561D+04  0.684028555732D+04 -0.672076063401D+04  0.655792308818D+04
 -0.687231447475D+04  0.744333005366D+04 -0.821714323007D+04  0.915711266586D+04
 -0.102046840351D+05  0.112581343395D+05 -0.121634660669D+05  0.127206876250D+05
 -0.127069796311D+05  0.119194462641D+05 -0.102492987667D+05  0.779419529531D+04
 -0.495985030211D+04  0.241719973265D+04 -0.779459088611D+03  0.121963386818D+03
 -0.391695776317D+01  0.218991571803D+02 -0.724205619533D+02  0.186525455588D+03
 -0.371849697915D+03  0.661299001237D+03 -0.110827378597D+04  0.173004203151D+04
 -0.253666404958D+04  0.352360537397D+04 -0.466433507750D+04  0.589889449792D+04
 -0.711515834208D+04  0.811058415198D+04 -0.844737538342D+04  0.867724874131D+04
 -0.943389129872D+04  0.104304604334D+05 -0.115712310526D+05  0.127947398068D+05
 -0.140443133752D+05  0.152448493006D+05 -0.162686075231D+05  0.169008435741D+05
 -0.168375372351D+05  0.157509695229D+05 -0.134371403974D+05  0.100225458047D+05
 -0.613959041037D+04  0.282470508048D+04 -0.851708400594D+03  0.125279338614D+03
 -0.797879039612D+01  0.441720020632D+02 -0.144009896503D+03  0.364301770348D+03
 -0.711436614030D+03  0.123357279556D+04 -0.200980650015D+04  0.304264032473D+04
 -0.431929783762D+04  0.580481043669D+04 -0.743747336140D+04  0.911876785490D+04
 -0.106922266197D+05  0.118929690879D+05 -0.121431617887D+05  0.122822958682D+05
 -0.132352097165D+05  0.145967538637D+05 -0.162389241205D+05  0.180649470109D+05
 -0.199538653886D+05  0.217281939603D+05 -0.231276327618D+05  0.237974833973D+05
 -0.233131185034D+05  0.212729084637D+05 -0.175029505453D+05  0.123809308755D+05
 -0.706568347491D+04  0.299707571327D+04 -0.832992281449D+03  0.113640859993D+03
 -0.136878902953D+02  0.752507323838D+02 -0.242805642057D+03  0.606020864114D+03
 -0.116472378167D+04  0.197856158748D+04 -0.314697470874D+04  0.463402681406D+04
 -0.637627489638D+04  0.828053588535D+04 -0.102287405134D+05  0.120769042081D+05
 -0.136406011703D+05  0.146444970135D+05 -0.144891586452D+05  0.142608532997D+05
 -0.150884582598D+05  0.165070520958D+05 -0.184023081065D+05  0.206854973354D+05
 -0.232025808401D+05  0.256801682111D+05 -0.276981084808D+05  0.286994886509D+05
 -0.280527894069D+05  0.252100579103D+05 -0.200622251455D+05  0.134715170119D+05
 -0.721520897602D+04  0.286965931028D+04 -0.753059656230D+03  0.979650289603D+02
  0.140846534594D+02 -0.777889508901D+02  0.252714306893D+03 -0.636378663634D+03
  0.123607557405D+04 -0.212853313018D+04  0.344014164242D+04 -0.516020907729D+04
  0.724985243031D+04 -0.963288422335D+04  0.121920794897D+05 -0.147574002837D+05
  0.170776968466D+05 -0.187480784997D+05  0.189016032347D+05 -0.188788815020D+05
  0.201241907261D+05 -0.220096964125D+05  0.243590793843D+05 -0.270549269847D+05
  0.299380044640D+05 -0.327274689000D+05  0.349345238460D+05 -0.358039840997D+05
  0.343864092275D+05 -0.299239303622D+05  0.226670307180D+05 -0.143320646222D+05
  0.722697151595D+04 -0.273013451988D+04  0.690101325676D+03 -0.879253117315D+02
 -0.693246311162D+01  0.392798842669D+02 -0.132374741867D+03  0.348884829604D+03
 -0.713415527075D+03  0.130719000764D+04 -0.226125629473D+04  0.364741210452D+04
 -0.552723640245D+04  0.793004626396D+04 -0.108276853965D+05  0.140979785817D+05
 -0.174682349121D+05  0.204061098179D+05 -0.217278232434D+05  0.227942390624D+05
 -0.252383847696D+05  0.283367081678D+05 -0.318222045739D+05  0.354829469042D+05
 -0.390674978147D+05  0.421868893235D+05 -0.441764429406D+05  0.440067269510D+05
 -0.405147160698D+05  0.332971957663D+05 -0.236123062957D+05  0.139866654554D+05
 -0.666210432026D+04  0.240602911075D+04 -0.588818576497D+03  0.734928876393D+02
 -0.306214506122D+01  0.152794432508D+02 -0.417810658902D+02  0.795108737710D+02
 -0.950824309782D+02  0.324334129999D+02  0.197281567711D+03 -0.729473201456D+03
  0.171697783946D+04 -0.330538780722D+04  0.559693025812D+04 -0.860117983159D+04
  0.121629840114D+05 -0.158328579257D+05  0.184591652969D+05 -0.210422920981D+05
  0.250200925355D+05 -0.298764554385D+05  0.353650265693D+05 -0.411665951552D+05
  0.467615123664D+05 -0.512967673185D+05  0.534858739116D+05 -0.517871757512D+05
  0.452991350409D+05 -0.348838398206D+05  0.231240790798D+05 -0.128868178075D+05
  0.583704951644D+04 -0.202690243422D+04  0.481155466781D+03 -0.585293407482D+02
  0.986870423668D+01 -0.531831752657D+02  0.166391443721D+03 -0.397989401057D+03
  0.724122576303D+03 -0.113758939247D+04  0.162763458314D+04 -0.206839168090D+04
  0.229611303894D+04 -0.212050847159D+04  0.134933725767D+04  0.175910768472D+03
 -0.252284169703D+04  0.555964197278D+04 -0.865030499673D+04  0.121410624174D+05
 -0.168455805417D+05  0.227372080931D+05 -0.297401557422D+05  0.374991145448D+05
 -0.451724350035D+05  0.512531287210D+05 -0.536805059409D+05  0.507664034093D+05
 -0.425609045290D+05  0.312033742095D+05 -0.197504994408D+05  0.105948702432D+05
 -0.466257664591D+04  0.158581389854D+04 -0.370698215277D+03  0.444679348319D+02
  0.125536085024D+02 -0.688937783987D+02  0.221649481825D+03 -0.550814735990D+03
  0.105217280135D+04 -0.177040785012D+04  0.277665582062D+04 -0.400450115565D+04
  0.534158890947D+04 -0.662102971462D+04  0.762260606203D+04 -0.807993485615D+04
  0.770309552740D+04 -0.623537758978D+04  0.357705378607D+04 -0.953623608684D+02
 -0.420946477897D+04  0.985115957940D+04 -0.169687735335D+05  0.252191207320D+05
 -0.334819156990D+05  0.397235614552D+05 -0.417098399237D+05  0.384698242509D+05
 -0.310800301547D+05  0.219562356485D+05 -0.134784107798D+05  0.707387984917D+04
 -0.307125260833D+04  0.103752334007D+04 -0.242064228981D+03  0.290712693216D+02
  0.166154428043D+02 -0.922523849495D+02  0.301956037448D+03 -0.767350142490D+03
  0.150534761169D+04 -0.262147866583D+04  0.428304597465D+04 -0.648315357462D+04
  0.915638251058D+04 -0.121477193594D+05  0.151882683545D+05 -0.178715502543D+05
  0.196395296880D+05 -0.197860943889D+05  0.173899163248D+05 -0.136362782661D+05
  0.942626554087D+04 -0.361809324353D+04 -0.412983937217D+04  0.133394282043D+05
 -0.223425554510D+05  0.286478695988D+05 -0.303771762443D+05  0.274921787404D+05
 -0.216187268880D+05  0.148967093690D+05 -0.897550214750D+04  0.465579720395D+04
 -0.201034384994D+04  0.678914730077D+03 -0.159069503605D+03  0.192804541311D+02
 -0.259256571519D+02  0.145104560239D+03 -0.480489469357D+03  0.123898395338D+04
 -0.247148012221D+04  0.439323341200D+04 -0.734523537802D+04  0.114056845392D+05
 -0.165647112739D+05  0.226548075505D+05 -0.292850068224D+05  0.357676694987D+05
 -0.410478930947D+05  0.436280064810D+05 -0.412012240112D+05  0.364053030086D+05
 -0.316850836281D+05  0.248317286728D+05 -0.153011729913D+05  0.405058693172D+04
  0.651364238536D+04 -0.137994560840D+05  0.166036199596D+05 -0.155406451392D+05
  0.122532745611D+05 -0.838214613175D+04  0.500461075016D+04 -0.257565584069D+04
  0.110587051728D+04 -0.372271415030D+03  0.871834020392D+02 -0.106011326613D+02
  0.350420483955D+02 -0.198539021762D+03  0.668801452262D+03 -0.176072051003D+04
  0.359280081311D+04 -0.655733719675D+04  0.112720024093D+05 -0.180081206769D+05
  0.269086749945D+05 -0.378438473399D+05  0.502599345049D+05 -0.630100937694D+05
  0.741845720885D+05 -0.809181391611D+05  0.785926752996D+05 -0.720502550290D+05
  0.661796979147D+05 -0.572786075696D+05  0.449063847334D+05 -0.308261251369D+05
  0.178814076969D+05 -0.825453196607D+04  0.250337658863D+04  0.140048739735D+03
 -0.906276666570D+03  0.829607202166D+03 -0.526690927795D+03  0.263767542511D+03
 -0.105286088086D+03  0.320055381915D+02 -0.660232187398D+01  0.685889428560D+00
 -0.101095082584D+02  0.424597922860D+02 -0.741174992617D+02 -0.195372894746D+02
  0.506246462284D+03 -0.188419438286D+04  0.491016449963D+04 -0.104648737961D+05
  0.193594453369D+05 -0.320466708077D+05  0.482697750859D+05 -0.666934992777D+05
  0.845766424762D+05 -0.975050393465D+05  0.985006490226D+05 -0.927952607133D+05
  0.866231110146D+05 -0.762349968584D+05  0.622241231436D+05 -0.471524724257D+05
  0.336473260492D+05 -0.231013232540D+05  0.155680685199D+05 -0.103828358007D+05
  0.678992987197D+04 -0.424975180644D+04  0.246325868833D+04 -0.127181578232D+04
  0.557103167274D+03 -0.192891841652D+03  0.466629923819D+02 -0.588269506670D+01
  0.255130101549D+03 -0.136989096043D+04  0.426304906716D+04 -0.101281465139D+05
  0.182884521433D+05 -0.284840110124D+05  0.404492271382D+05 -0.512822912731D+05
  0.577029282827D+05 -0.566889823469D+05  0.463879180877D+05 -0.270008040174D+05
  0.143113776929D+04  0.245352729481D+05 -0.424301508797D+05  0.507190715990D+05
 -0.522592942362D+05  0.475236821566D+05 -0.390573396680D+05  0.297804118544D+05
 -0.216545956743D+05  0.153706119350D+05 -0.107801689766D+05  0.744787614783D+04
 -0.498631065709D+04  0.315599327401D+04 -0.183357876208D+04  0.944223266535D+03
 -0.411607461346D+03  0.141732951880D+03 -0.341022211299D+02  0.427807905964D+01
 -0.532226114326D+03  0.286531373483D+04 -0.895449940956D+04  0.214037862023D+05
 -0.389684838200D+05  0.614579168367D+05 -0.888896975102D+05  0.115885397941D+06
 -0.136357208414D+06  0.144690061573D+06 -0.137395793457D+06  0.114549100563D+06
 -0.805045164695D+05  0.433280392203D+05 -0.125035562550D+05 -0.568012739523D+04
  0.124518878557D+05 -0.127211510286D+05  0.101309173425D+05 -0.706752043337D+04
  0.460030017367D+04 -0.292365991243D+04  0.186518802426D+04 -0.119900843727D+04
  0.762542799800D+03 -0.465417685312D+03  0.263401945953D+03 -0.133081723031D+03
  0.572433371190D+02 -0.195533484404D+02  0.469532394552D+01 -0.592837707895D+00
 -0.591918649001D+03  0.317208591990D+04 -0.984344227835D+04  0.233021233490D+05
 -0.419061806304D+05  0.649639277681D+05 -0.918667685172D+05  0.116260497955D+06
 -0.131505936477D+06  0.132352717217D+06 -0.116955029462D+06  0.881825289549D+05
 -0.533890757332D+05  0.220277807073D+05 -0.155184810372D+04 -0.697975929714D+04
  0.804524956601D+04 -0.619932375435D+04  0.389552485648D+04 -0.212367612785D+04
  0.102994368990D+04 -0.443670954467D+03  0.160913210510D+03 -0.372262552402D+02
 -0.963709662917D+01  0.214740514252D+02 -0.188608178820D+02  0.120844676098D+02
 -0.600571930350D+01  0.223856708147D+01 -0.560327919713D+00  0.700712010748D-01
 -0.599740506122D+03  0.319230419612D+04 -0.980292396105D+04  0.228730965300D+05
 -0.403781659290D+05  0.609697738062D+05 -0.832447425031D+05  0.100470452516D+06
 -0.106480703840D+06  0.977814661821D+05 -0.755226366150D+05  0.458556988369D+05
 -0.177521511599D+05 -0.132077394311D+04  0.894063330362D+04 -0.898307169891D+04
  0.662390926047D+04 -0.414027973868D+04  0.232667288249D+04 -0.121775728306D+04
  0.607000989545D+03 -0.290653354879D+03  0.132270365309D+03 -0.548691996836D+02
  0.185871619991D+02 -0.322324742412D+01 -0.181822906949D+01  0.234980839139D+01
 -0.148195429934D+01  0.626049934511D+00 -0.170201884301D+00  0.227994914541D-01
  0.616858132266D+03 -0.325683449786D+04  0.987585974730D+04 -0.226449594377D+05
  0.390872258473D+05 -0.571612616685D+05  0.747613330921D+05 -0.850998785625D+05
  0.831436345679D+05 -0.679376136154D+05  0.438418758074D+05 -0.189462864478D+05
  0.766096871232D+03  0.774736819488D+04 -0.844697061420D+04  0.601394808742D+04
 -0.373655220753D+04  0.213423807015D+04 -0.116726060383D+04  0.629439407251D+03
 -0.340388092241D+03  0.185334158576D+03 -0.100851048359D+03  0.540172326719D+02
 -0.279274112327D+02  0.136344924420D+02 -0.613032249460D+01  0.245956316611D+01
 -0.842214513707D+00  0.229653169214D+00 -0.440799342049D-01  0.445188252881D-02
 -0.606039042016D+03  0.316814215537D+04 -0.946019097783D+04  0.212338721977D+05
 -0.356551996379D+05  0.501294068212D+05 -0.621788180060D+05  0.658337904358D+05
 -0.581529677859D+05  0.410805350503D+05 -0.209511493564D+05  0.477182872254D+04
  0.395526507572D+04 -0.615250814327D+04  0.480897256706D+04 -0.286739712022D+04
  0.161355923623D+04 -0.882597748549D+03  0.483211441200D+03 -0.269144742043D+03
  0.152952779264D+03 -0.880698827193D+02  0.507513192265D+02 -0.288424532337D+02
  0.159051210791D+02 -0.835407256668D+01  0.408398934993D+01 -0.180102648382D+01
  0.684735513835D+00 -0.209096328055D+00  0.452263352185D-01 -0.514993224934D-02
 -0.503494043396D+03  0.260037039389D+04 -0.762001418349D+04  0.166625640221D+05
 -0.270504579211D+05  0.362409604773D+05 -0.421290283152D+05  0.408412786587D+05
 -0.319477558669D+05  0.189540881835D+05 -0.708311748218D+04 -0.264298042175D+03
  0.298477949336D+04 -0.292404817800D+04  0.190084219986D+04 -0.101486296295D+04
  0.541396990152D+03 -0.292768979233D+03  0.162785634517D+03 -0.931953854051D+02
  0.545100405675D+02 -0.321916457988D+02  0.189507105467D+02 -0.109737266480D+02
  0.616012303681D+01 -0.329388929666D+01  0.163980933228D+01 -0.736465852143D+00
  0.285042326489D+00 -0.885379646064D-01  0.194562926203D-01 -0.224727205176D-02
  0.915073896856D+03 -0.467070271208D+04  0.134493896957D+05 -0.287514096553D+05
  0.454649250731D+05 -0.590279689688D+05  0.665832642032D+05 -0.634584548891D+05
  0.508388553325D+05 -0.342763742689D+05  0.195685101912D+05 -0.955560789494D+04
  0.403853952059D+04 -0.149036922115D+04  0.474179722508D+03 -0.130539292605D+03
  0.375555379845D+02 -0.111414673259D+02  0.343996968248D+01 -0.111708228410D+01
  0.384213356065D+00 -0.140201830737D+00  0.540500779044D-01 -0.217896956786D-01
  0.903761948725D-02 -0.377069512176D-02  0.153625952253D-02 -0.587835145241D-03
  0.200346803307D-03 -0.562688616762D-04  0.114142790312D-04 -0.123598543164D-05
 -0.913950610819D+03  0.452469618429D+04 -0.124330094919D+05  0.249408066571D+05
 -0.364251186541D+05  0.424739300000D+05 -0.420036855823D+05  0.343189968326D+05
 -0.231748393854D+05  0.130413196161D+05 -0.619441398289D+04  0.252189647724D+04
 -0.893996190908D+03  0.279185972310D+03 -0.759898139857D+02  0.179266498849D+02
 -0.448793986983D+01  0.117710292580D+01 -0.326422264346D+00  0.966650802074D-01
 -0.307534680044D-01  0.105155142822D-01 -0.384245096968D-02  0.148290324190D-02
 -0.593784237730D-03  0.240860587802D-03 -0.959603197236D-04  0.360749654218D-04
 -0.121253926662D-04  0.336861266518D-05 -0.677539877023D-06  0.728814101962D-07
 -0.862938083867D+03  0.409583535293D+04 -0.105513288682D+05  0.193996059315D+05
 -0.254463767594D+05  0.257705636516D+05 -0.216317761118D+05  0.147526544271D+05
 -0.823700007211D+04  0.382084533318D+04 -0.149877257722D+04  0.506685524063D+03
 -0.150363474936D+03  0.397067075028D+02 -0.924474979646D+01  0.186934115078D+01
 -0.407392866838D+00  0.945031045191D-01 -0.235456376507D-01  0.636028325229D-02
 -0.187208542155D-02  0.599900556719D-03 -0.207794437488D-03  0.767740679623D-04
 -0.296796795680D-04  0.117050879133D-04 -0.456023808608D-05  0.168432691555D-05
 -0.558314741496D-06  0.153427398415D-06 -0.305977021214D-07  0.326953789915D-08
  0.754341544099D+03 -0.337661711671D+04  0.795610315530D+04 -0.129907316545D+05
  0.147880526256D+05 -0.125623377167D+05  0.870591699034D+04 -0.486100757429D+04
  0.221685236735D+04 -0.841643199124D+03  0.271616544449D+03 -0.761129606694D+02
  0.188963221717D+02 -0.421935297311D+01  0.840537174351D+00 -0.145737603924D+00
  0.276598276744D-01 -0.567679354966D-02  0.127113822357D-02 -0.313278715760D-03
  0.853245086037D-04 -0.256266343181D-04  0.841498339650D-05 -0.297665253499D-05
  0.111099317752D-05 -0.426000057980D-06  0.162296999247D-06 -0.588942953813D-07
  0.192524965215D-07 -0.523332105436D-08  0.103481636529D-08 -0.109843552073D-09
  0.455608429806D+03 -0.193606516377D+04  0.417417206900D+04 -0.600358557884D+04
  0.587107007910D+04 -0.415135921491D+04  0.236865725975D+04 -0.108409176403D+04
  0.405296564673D+03 -0.126554828373D+03  0.337796054736D+02 -0.788753814264D+01
  0.164647907651D+01 -0.312330133068D+00  0.534687919632D-01 -0.798398320738D-02
  0.132487711356D-02 -0.241446889780D-03  0.487478112413D-04 -0.109933540632D-04
  0.277765437571D-05 -0.783648278692D-06  0.244403613357D-06 -0.829013979935D-07
  0.299122906562D-07 -0.111632976215D-07  0.416249845035D-08 -0.148504263420D-08
  0.479016789210D-09 -0.128853023159D-09  0.252713003564D-10 -0.266543317007D-11
  0.157119413741D+03 -0.461548752269D+03  0.619716483118D+03 -0.536870336985D+03
  0.325040882935D+03 -0.144277399076D+03  0.561945038639D+02 -0.195072448945D+02
  0.615560379746D+01 -0.176936392890D+01  0.460485325818D+00 -0.108264172288D+00
  0.231029622045D-01 -0.450459916416D-02  0.792981863344D-03 -0.121762802407D-03
  0.207103154141D-04 -0.385519297826D-05  0.792449330377D-06 -0.181409600897D-06
  0.464090025754D-07 -0.132273864310D-07  0.415975401407D-08 -0.142048758639D-08
  0.515305867280D-09 -0.193140613318D-09  0.722627302432D-10 -0.258503387693D-10
  0.835593568814D-11 -0.225142358115D-11  0.442131356915D-12 -0.466798121183D-13
  0.556268350157D+03 -0.209490846572D+04  0.386805889499D+04 -0.473785941999D+04
  0.400510681299D+04 -0.246514781714D+04  0.124897125313D+04 -0.517088286517D+03
  0.177806045305D+03 -0.518158370035D+02  0.130710253682D+02 -0.291550717532D+01
  0.586619800585D+00 -0.108069133238D+00  0.180787136586D-01 -0.264814944018D-02
  0.433103051655D-03 -0.780782593891D-04  0.156384661921D-04 -0.350623665310D-05
  0.882195994580D-06 -0.248142709428D-06  0.772247284089D-07 -0.261545596302D-07
  0.942675899854D-08 -0.351533566823D-08  0.131004041487D-08 -0.467189186372D-09
  0.150652163196D-09 -0.405157612998D-10  0.794485962462D-11 -0.837863930550D-12
 -0.112769493890D+04  0.614211776755D+04 -0.195403784588D+05  0.478565667848D+05
 -0.898483802628D+05  0.147879735930D+06 -0.226076285174D+06  0.316853771506D+06
 -0.410020727213D+06  0.493561282863D+06 -0.555360566128D+06  0.584943518824D+06
 -0.574947727880D+06  0.521784718310D+06 -0.422165047395D+06  0.321216432059D+06
 -0.251678860977D+06  0.196034430260D+06 -0.150878643359D+06  0.114924107078D+06
 -0.868430447076D+05  0.650449463025D+05 -0.479785377868D+05  0.344253785435D+05
 -0.236139330612D+05  0.151559100465D+05 -0.886994184383D+04  0.458293608894D+04
 -0.199955235146D+04  0.687873704572D+03 -0.165038703669D+03  0.205883779939D+02
 -0.130765305610D+03  0.730982038330D+03 -0.241665511995D+04  0.622114565563D+04
 -0.123923398292D+05  0.220090000276D+05 -0.368089405188D+05  0.572823188300D+05
 -0.836106290214D+05  0.115389636678D+06 -0.151356142018D+06  0.189008221442D+06
 -0.224063578261D+06  0.249487790345D+06 -0.251776889064D+06  0.246995606306D+06
 -0.252228094680D+06  0.256240058329D+06 -0.253892967135D+06  0.242103193779D+06
 -0.219945323183D+06  0.188878465853D+06 -0.152325126112D+06  0.114642029923D+06
 -0.799186628910D+05  0.510642876917D+05 -0.294273297571D+05  0.149121688566D+05
 -0.638321857095D+04  0.216072091802D+04 -0.512631900674D+03  0.637260902351D+02
