           1          35          35
 -0.5434925520956D-01 -0.1299502308006D-02 -0.1016345874483D-12
 -0.2208237392911D-24 -0.3461738283147D-26 -0.5627501218270D-30
  0.3016061195468D-29  0.1098565964161D-26  0.2402962470573D-22
  0.3215114341626D-19  0.2330211875131D-16  0.4903196581078D-11
  0.6546875514740D-09  0.4553628491000D-07  0.1889005926302D-05
  0.5232579130520D-04  0.1092286660685D-02  0.1280383995844D-01
  0.8192583705261D-01  0.3135051450865D+00  0.8478320215906D+00
  0.1812098970077D+01  0.3255440266146D+01  0.5109922107107D+01
  0.7095659047625D+01  0.8309418872389D+01  0.9732996718878D+01
  0.1113980108349D+02  0.1225147853295D+02  0.1306968925767D+02
  0.1387317288058D+02  0.1429408574315D+02  0.1487309631033D+02
  0.1509029157381D+02  0.1514779390478D+02
  0.6013946353178D-02  0.7646831573246D-02  0.9723071952360D-02
  0.1278076551894D-01  0.1680003686597D-01  0.2208328118371D-01
  0.2902799033893D-01  0.3815665870063D-01  0.5015609369429D-01
  0.6592908866595D-01  0.8666234573244D-01  0.1139157588830D+00
  0.1497397746648D+00  0.1968296602377D+00  0.2587282853604D+00
  0.3400926748779D+00  0.4470443861385D+00  0.5876300724492D+00
  0.7724268836688D+00  0.1015338252053D+01  0.1334639935350D+01
  0.1754355017580D+01  0.2306061317506D+01  0.3031267187546D+01
  0.3984534449514D+01  0.5237583425371D+01  0.6884688910411D+01
  0.9049773062046D+01  0.1189572884705D+02  0.1563667550913D+02
  0.2055406811316D+02  0.2701787318881D+02  0.3551440365128D+02
  0.4668290719599D+02  0.6136366094355D+02
 -0.3232585111797D+02  0.2485101329428D+03  0.3019527134752D+03
 -0.6136193445819D+03 -0.2886821265612D+03  0.6291804340232D+02
  0.6308898557489D+02 -0.7965837557860D+02  0.3953091309303D+03
  0.3836847390801D+03 -0.3561291818007D+03  0.2647716265022D+03
 -0.2489961847742D+03 -0.2158401859966D+03  0.1784922908223D+03
 -0.1291568594722D+03 -0.3608811512436D+02 -0.1317479441536D+02
  0.8035946564050D+01  0.3260042171059D+01 -0.1568981475288D+01
  0.9595367546548D+00  0.7234379234985D+00  0.6548023789619D+00
  0.5218932044830D+00  0.4206068771742D+00 -0.1474883788490D+01
  0.2235884479640D+01 -0.1152553872072D+01  0.1422728484041D+00
 -0.3945100943523D+00  0.9902814344745D+00  0.5354744250579D-01
 -0.3298795080037D+00 -0.3179922171340D+00
  0.2420047051943D+03 -0.1843618636847D+04 -0.2155258074054D+04
  0.3672883075636D+04  0.1316741067337D+04 -0.1563060125675D+03
 -0.2098117727385D+03  0.2889195782876D+03 -0.2614256102533D+04
 -0.2625647931574D+04  0.2499251647495D+04 -0.1912946444623D+04
  0.1814152131567D+04  0.1582774753315D+04 -0.1314748446505D+04
  0.9537955510211D+03  0.2656293254295D+03  0.9885965515286D+02
 -0.6001841047926D+02 -0.2429780961991D+02  0.1167811056112D+02
 -0.7136518876397D+01 -0.5374089010064D+01 -0.4851398783607D+01
 -0.3824989040510D+01 -0.3225820425874D+01  0.1100984798739D+02
 -0.1664103384623D+02  0.8580810296839D+01 -0.1088622024844D+01
  0.2947002639418D+01 -0.7360715970696D+01 -0.4076074121665D+00
  0.2442039982917D+01  0.2364180441952D+01
 -0.8204374789265D+03  0.6178799118312D+04  0.6874591102171D+04
 -0.9420246358444D+04 -0.2281892782564D+04  0.1091151298764D+03
  0.2181726669753D+03 -0.3831705724376D+03  0.7559164625663D+04
  0.7934411899324D+04 -0.7800720052774D+04  0.6197455045834D+04
 -0.5941141478395D+04 -0.5226479124375D+04  0.4366259784722D+04
 -0.3177939694012D+04 -0.8812882263011D+03 -0.3361105967392D+03
  0.2028678426802D+03  0.8191352677099D+02 -0.3930203086758D+02
  0.2399445632593D+02  0.1804128266738D+02  0.1623172413441D+02
  0.1261869135080D+02  0.1126315170835D+02 -0.3719085974683D+02
  0.5600157661046D+02 -0.2888824510140D+02  0.3790479144231D+01
 -0.9963494497444D+01  0.2472954584657D+02  0.1410447467009D+01
 -0.8161934172923D+01 -0.7945246223837D+01
  0.2121239962731D+04 -0.1570961203398D+05 -0.1623869448619D+05
  0.1631668030873D+05  0.1800362722106D+04  0.1844817992184D+02
 -0.4367088304597D+02  0.3226102252148D+03 -0.1542521478636D+05
 -0.1729438588562D+05  0.1784207778110D+05 -0.1498278523862D+05
  0.1459608728868D+05  0.1299925456073D+05 -0.1095200881522D+05
  0.8010090602827D+04  0.2207066078976D+04  0.8725510042316D+03
 -0.5222499815438D+03 -0.2100679883522D+03  0.1005372831198D+03
 -0.6129305697781D+02 -0.4598277075508D+02 -0.4116448027676D+02
 -0.3132591764001D+02 -0.3034103748042D+02  0.9565780114310D+02
 -0.1432502554332D+03  0.7393846877006D+02 -0.1017276438546D+02
  0.2565914039587D+02 -0.6310248670917D+02 -0.3753361252321D+01
  0.2066697550360D+02  0.2028290397828D+02
 -0.4617057138211D+04  0.3345703864150D+05  0.3135733397899D+05
 -0.2134489547755D+05  0.2957117205293D+03 -0.4540406713274D+02
 -0.5733005954131D+02 -0.5479548118214D+03  0.2452150397873D+05
  0.3001352555632D+05 -0.3301230442326D+05  0.2984105154967D+05
 -0.2970234877371D+05 -0.2688928607015D+05  0.2291029072746D+05
 -0.1686407403570D+05 -0.4606106722807D+04 -0.1908854974811D+04
  0.1130392248107D+04  0.4524399446489D+03 -0.2158268505148D+03
  0.1313386686024D+03  0.9824327087251D+02  0.8736900653163D+02
  0.6457354211788D+02  0.6943296755111D+02 -0.2068284160690D+03
  0.3075251856153D+03 -0.1588505253933D+03  0.2317743570056D+02
 -0.5556937009012D+02  0.1350315773603D+03  0.8466082517298D+01
 -0.4377490775391D+02 -0.4342819749962D+02
  0.8666497572364D+04 -0.6105892599968D+05 -0.5021846715558D+05
  0.2112194923508D+05 -0.2611727330919D+04 -0.6203490996272D+01
  0.1376049527288D+02  0.1150397420388D+04 -0.3037767894552D+05
 -0.4172701625684D+05  0.4996135781275D+05 -0.4980667781250D+05
  0.5102348289235D+05  0.4720985043157D+05 -0.4082859758114D+05
  0.3031017468715D+05  0.8179342972777D+04  0.3605510227185D+04
 -0.2106670967357D+04 -0.8378392890362D+03  0.3979769152549D+03
 -0.2416074822042D+03 -0.1800345984187D+03 -0.1587084902188D+03
 -0.1126415208106D+03 -0.1383953631463D+03  0.3849813705448D+03
 -0.5671437051107D+03  0.2932489136405D+03 -0.4596608597562D+02
  0.1036489506657D+03 -0.2479815141152D+03 -0.1659629046640D+02
  0.7930553341015D+02  0.7981555437583D+02
 -0.1455070462536D+05  0.9887555983760D+05  0.6829010477793D+05
 -0.1605918109899D+05  0.3456483699967D+04  0.3735422861820D+02
  0.4306252966308D+02 -0.1563350753248D+04  0.2960211935658D+05
  0.4712782109457D+05 -0.6306699189626D+05  0.7158061545808D+05
 -0.7622422781314D+05 -0.7261346122385D+05  0.6405876470884D+05
 -0.4809456540632D+05 -0.1276150785137D+05 -0.6099273565646D+04
  0.3504883116216D+04  0.1382600892181D+04 -0.6531380031994D+03
  0.3952941456944D+03  0.2930864154264D+03  0.2553724173939D+03
  0.1711457183916D+03  0.2493200747604D+03 -0.6396217151724D+03
  0.9311234627740D+03 -0.4820793223544D+03  0.8234688520067D+02
 -0.1726590480769D+03  0.4048965562245D+03  0.2934679710845D+02
 -0.1271597398183D+03 -0.1304509147042D+03
  0.2250028182479D+05 -0.1459993929336D+06 -0.7981644705241D+05
  0.9505727483446D+04 -0.2738488635127D+04 -0.2846805245545D+02
 -0.4218970665528D+02  0.1379378363091D+04 -0.2277682319760D+05
 -0.4338828541812D+05  0.6693110447038D+05 -0.9007869856805D+05
  0.1010637263713D+06  0.1001108497934D+06 -0.9068957482528D+05
  0.6911406908763D+05  0.1790327610511D+05  0.9515090224002D+04
 -0.5357566598321D+04 -0.2091684270816D+04  0.9811366049280D+03
 -0.5914619046333D+03 -0.4356932796674D+03 -0.3737665154147D+03
 -0.2304040662847D+03 -0.4179401470948D+03  0.9763958207881D+03
 -0.1399922706446D+04  0.7260292958194D+03 -0.1372118675972D+03
  0.2644371577219D+03 -0.6044027039308D+03 -0.4821240527593D+02
  0.1852575730954D+03  0.1949837431238D+03
 -0.3276793387147D+05  0.2005553353882D+06  0.8020430811918D+05
 -0.4438067105604D+04  0.1526447627130D+04  0.1122739061757D+02
  0.1825963566738D+02 -0.8474753134936D+03  0.1389036316212D+05
  0.3248881164402D+05 -0.5959020484510D+05  0.9984459842079D+05
 -0.1201996554624D+06 -0.1254719182580D+06  0.1177649492502D+06
 -0.9154667415393D+05 -0.2289337345774D+05 -0.1399569894193D+05
  0.7690436822876D+04  0.2963630512033D+04 -0.1377593240709D+04
  0.8262771955985D+03  0.6035662800330D+03  0.5070828030555D+03
  0.2751358485179D+03  0.6660646284135D+03 -0.1400037321320D+04
  0.1969014039856D+04 -0.1023427069049D+04  0.2173046029011D+03
 -0.3807191923537D+03  0.8422173489401D+03  0.7523056045470D+02
 -0.2498295716326D+03 -0.2721693553724D+03
  0.4570912510654D+05 -0.2599865665104D+06 -0.6862009823230D+05
  0.1659258679508D+04 -0.6395968081199D+03 -0.2371215634590D+01
 -0.3745721985463D+01  0.3833718288641D+03 -0.6767227612995D+04
 -0.1976943075723D+05  0.4422491077969D+05 -0.9706711597276D+05
  0.1284603692963D+06  0.1438529908157D+06 -0.1415751092866D+06
  0.1129930582598D+06  0.2677938710791D+05  0.1973208082772D+05
 -0.1053672880131D+05 -0.3995123675399D+04  0.1835752953999D+04
 -0.1094066964745D+04 -0.7905429648573D+03 -0.6456810520801D+03
 -0.2837102509469D+03 -0.1024767235323D+04  0.1917652504057D+04
 -0.2632621379900D+04  0.1372252144328D+04 -0.3322150705241D+03
  0.5240646718302D+03 -0.1112563513637D+04 -0.1133024198231D+03
  0.3156395027200D+03  0.3603363358442D+03
 -0.6185004085031D+05  0.3211882872447D+06  0.4920367726755D+05
 -0.5059566161486D+03  0.2101691565030D+03  0.5139137465463D-01
 -0.1948109661683D+00 -0.1334882237248D+03  0.2669161228532D+04
  0.9823920968555D+04 -0.2725622161022D+05  0.8171527723216D+05
 -0.1225571204396D+06 -0.1506993780324D+06  0.1580169248491D+06
 -0.1305935467987D+06 -0.2837899170459D+05 -0.2698283855889D+05
  0.1394511384782D+05  0.5182523792535D+04 -0.2346755345727D+04
  0.1387450103628D+04  0.9886216436676D+03  0.7768156749717D+03
  0.2265272506634D+03  0.1538231765795D+04 -0.2541549216512D+04
  0.3386364903295D+04 -0.1771621676017D+04  0.4955576939159D+03
 -0.6986725378841D+03  0.1409024173637D+04  0.1665657015012D+03
 -0.3759406860752D+03 -0.4576780519396D+03
  0.8193165627654D+05 -0.3804889187569D+06 -0.2902213309199D+05
  0.1286560972555D+03 -0.5610269895190D+02  0.1544292739036D+00
  0.4141609750704D+00  0.3719933408426D+02 -0.8684807324959D+03
 -0.4034639203990D+04  0.1399512182639D+05 -0.5852131914134D+05
  0.1029578120489D+06  0.1430656191555D+06 -0.1631694290107D+06
  0.1411894696459D+06  0.2630787211588D+05  0.3607093095706D+05
 -0.1797655072476D+05 -0.6518484860095D+04  0.2897463146118D+04
 -0.1696076596415D+04 -0.1187046934037D+04 -0.8835324304285D+03
 -0.6342548079469D+02 -0.2268210459223D+04  0.3291461470952D+04
 -0.4228641331911D+04  0.2222677346682D+04 -0.7263042048708D+03
  0.9110432963102D+03 -0.1724772079104D+04 -0.2408109589634D+03
  0.4221543749850D+03  0.5623464731532D+03
 -0.1069151375294D+06  0.4335742323670D+06  0.1370524556077D+05
 -0.2801040508614D+02  0.1258866861594D+02 -0.6581542521309D-01
 -0.1645167062092D+00 -0.8613544127320D+01  0.2387487913711D+03
  0.1395343115853D+04 -0.6055956307311D+04  0.3497707266478D+05
 -0.7483652672345D+05 -0.1212908369938D+06  0.1543083080474D+06
 -0.1416921150308D+06 -0.1908966201448D+05 -0.4733848154807D+05
  0.2268336907455D+05  0.7981032920248D+04 -0.3464670166176D+04
  0.2003407638268D+04  0.1370194381933D+04  0.9426909248567D+03
 -0.2597046463141D+03  0.3298815179450D+04 -0.4196257699303D+04
  0.5161145344511D+04 -0.2729098836189D+04  0.1050160446011D+04
 -0.1170495283071D+04  0.2052411571465D+04  0.3439114996766D+03
 -0.4434025847121D+03 -0.6724203312407D+03
  0.1379153136181D+06 -0.4755270625894D+06 -0.4822961529280D+04
  0.5383644059132D+01 -0.2460365897601D+01  0.1776271924526D-01
  0.4393261285668D-01  0.1721780248779D+01 -0.5706238812157D+02
 -0.4165021195419D+03  0.2250962888203D+04 -0.1702964099619D+05
  0.4624605748493D+05  0.9019287779617D+05 -0.1314471511575D+06
  0.1298892551086D+06  0.5460843270918D+04  0.6102292694404D+05
 -0.2805730672601D+05 -0.9509890087813D+04  0.4003336406959D+04
 -0.2280401392733D+04 -0.1513760693232D+04 -0.9220726297279D+03
  0.8145596264863D+03 -0.4740697617566D+04  0.5295071245261D+04
 -0.6189155992023D+04  0.3297587112645D+04 -0.1500649096712D+04
  0.1489481581370D+04 -0.2383855620904D+04 -0.4861711622719D+03
  0.4261773986791D+03  0.7858739975374D+03
 -0.1759982383299D+06  0.5012260069716D+06  0.8565887474104D+03
 -0.9455845883171D+00  0.4350157659315D+00 -0.3826667336898D-02
 -0.9471345202859D-02 -0.3092200987977D+00  0.1225337953543D+02
  0.1105327295064D+03 -0.7371597413942D+03  0.6386879429976D+04
 -0.2384437287627D+05 -0.5781632660681D+05  0.9879456868547D+05
 -0.1058390099361D+06  0.1497950791229D+05 -0.7699378163397D+05
  0.3392228001392D+05  0.1096003076128D+05 -0.4424155531129D+04
  0.2473767147950D+04  0.1578192328798D+04  0.7764022393467D+03
 -0.1693297014838D+04  0.6732603696715D+04 -0.6637393976585D+04
  0.7322320788399D+04 -0.3938732293038D+04  0.2119190489030D+04
 -0.1883514480447D+04  0.2710855138937D+04  0.6803866245518D+03
 -0.3546316602575D+03 -0.9007267591116D+03
  0.2217478619041D+06 -0.5063577450895D+06  0.4365846509551D+03
  0.1575878998224D+00 -0.7242821641302D-01  0.7267454248384D-03
  0.1804571000375D-02  0.5201673551859D-01 -0.2451275977990D+01
 -0.2696949047791D+02  0.2192250332760D+03 -0.1434277078696D+04
  0.9898403202672D+04  0.3142146020435D+05 -0.6410083535707D+05
  0.7340621348067D+05 -0.4070053337474D+05  0.9427909888824D+05
 -0.3973575600542D+05 -0.1201536609264D+05  0.4551735868282D+04
 -0.2484237019721D+04 -0.1497142507991D+04 -0.4416685459721D+03
  0.3009295837598D+04 -0.9437178906746D+04  0.8281223636854D+04
 -0.8576839030782D+04  0.4668820865909D+04 -0.2953070698849D+04
  0.2370345614816D+04 -0.3027051936385D+04 -0.9413086496565D+03
  0.2122204498998D+03  0.1015623090576D+04
 -0.2745201536108D+06  0.4890509544275D+06 -0.6389372591382D+03
 -0.2591542596898D-01  0.1183296253731D-01 -0.1301597989606D-03
 -0.3242811880542D-03 -0.8551110407495D-02  0.4746239083348D+00
  0.6271720274644D+01 -0.6121343392692D+02 -0.3118207206847D+03
 -0.2912341944258D+04 -0.1408903862690D+05  0.3499063265122D+05
 -0.3993691425135D+05  0.6718657480319D+05 -0.1103976261759D+06
  0.4426850733754D+05  0.1203920140456D+05 -0.4048875930400D+04
  0.2126583839674D+04  0.1156573824171D+04 -0.1741465888226D+03
 -0.4895294099103D+04  0.1302826470368D+05 -0.1028833489306D+05
  0.9980179670590D+04 -0.5513414113396D+04  0.4050220485074D+04
 -0.2968036756486D+04  0.3332606759305D+04  0.1284217704257D+04
  0.1448949958613D+02 -0.1131148480406D+04
  0.3314749101420D+06 -0.4513738946303D+06  0.5216026902935D+03
  0.4371063984939D-02 -0.1975115264068D-02  0.2321056305700D-04
  0.5798836105460D-04  0.1431753141470D-02 -0.9240887737234D-01
 -0.1441671073006D+01  0.1661190503302D+02  0.6758855482805D+03
  0.1332612756377D+03  0.4784685385440D+04 -0.1525496686956D+05
  0.1283404575418D+05 -0.8773602673291D+05  0.1209499507908D+06
 -0.4522928068874D+05 -0.9850797779972D+04  0.2288734353865D+04
 -0.1058460311451D+04 -0.3566451558382D+03  0.1208791133393D+04
  0.7502713497982D+04 -0.1767238841545D+05  0.1271725431059D+05
 -0.1157949500401D+05  0.6513906510988D+04 -0.5451366085585D+04
  0.3692077684940D+04 -0.3642060132239D+04 -0.1722861282571D+04
 -0.3296608822128D+03  0.1252085685805D+04
 -0.3869176233493D+06  0.3993256355664D+06 -0.3651976949220D+03
 -0.7835348466464D-03  0.3495549189998D-03 -0.4312116921765D-05
 -0.1079587330994D-04 -0.2536006797939D-03  0.1875024739631D-01
  0.3391093406975D+00 -0.4529927370371D+01 -0.5929922038100D+03
  0.6548009912678D+03 -0.7143152446282D+03  0.4350013033201D+04
  0.4236117751546D+04  0.9698220000274D+05 -0.1209907714898D+06
  0.3928788556902D+05  0.3516457601243D+04  0.1824133495948D+04
 -0.1333767201825D+04 -0.1253869310546D+04 -0.2880803477853D+04
 -0.1101487393719D+05  0.2352041318107D+05 -0.1561847158461D+05
  0.1345414017767D+05 -0.7738384180920D+04  0.7184340625052D+04
 -0.4553108832452D+04  0.3994448687951D+04  0.2268315179960D+04
  0.7214621097415D+03 -0.1390374882800D+04
  0.4328618186537D+06 -0.3408241263147D+06  0.2419028888603D+03
  0.1538080123029D-03 -0.6767683687336D-04  0.8656150555153D-06
  0.2170370697447D-05  0.4906255036414D-04 -0.4088683956028D-02
 -0.8413277994219D-01  0.1278782368023D+01  0.4280530625996D+03
 -0.6985379911801D+03 -0.6522528609262D+03  0.4764376936192D+03
 -0.1204255521369D+05 -0.9411859262721D+05  0.1083952986730D+06
 -0.2373035124106D+05  0.9407465444595D+04 -0.9973678052846D+04
  0.6071885990504D+04  0.4270829441147D+04  0.5548453073642D+04
  0.1569117049113D+05 -0.3073585963258D+05  0.1904003524788D+05
 -0.1573074576090D+05  0.9296886559501D+04 -0.9269261576004D+04
  0.5558199082390D+04 -0.4462236494043D+04 -0.2931466625750D+04
 -0.1158894543117D+04  0.1567854663580D+04
 -0.4611817360542D+06  0.2829572446763D+06 -0.1570574357635D+03
 -0.3380603073457D-04  0.1467144770369D-04 -0.1928360526505D-06
 -0.4839744927684D-06 -0.1061759357338D-04  0.9810133709362D-03
  0.2254704530128D-01 -0.3828112602864D+00 -0.2875782344156D+03
  0.5434418582234D+03  0.8860554424091D+03 -0.2001756096230D+04
  0.1368302881197D+05  0.8261802984229D+05 -0.8597196377415D+05
 -0.5906381467206D+03 -0.3015623574533D+05  0.2405375955321D+05
 -0.1460191343682D+05 -0.9606488270168D+04 -0.9772468839896D+04
 -0.2193445666099D+05  0.3956304803118D+05 -0.2304634538127D+05
  0.1859625524760D+05 -0.1135687559851D+05  0.1173790264789D+05
 -0.6717168887059D+04  0.5154736856788D+04  0.3729899521239D+04
  0.1595398171397D+04 -0.1817556233569D+04
  0.4663505308838D+06 -0.2302493152362D+06  0.1012646811493D+03
  0.8430059949241D-05 -0.3611428234537D-05  0.4845839286309D-07
  0.1216935206644D-06  0.2607623481745D-05 -0.2628876614413D-03
 -0.6631399688687D-02  0.1235792085627D+00  0.1877009240463D+03
 -0.3789778403543D+03 -0.7509365054748D+03  0.2088170219774D+04
 -0.1226457517611D+05 -0.6737201977411D+05  0.5983660242313D+05
  0.2829968687575D+05  0.5622803214405D+05 -0.4442243345271D+05
  0.2825739806271D+05  0.1836414218448D+05  0.1629304497589D+05
  0.3030177164954D+05 -0.5036059184978D+05  0.2773315090515D+05
 -0.2229977618729D+05  0.1414606223508D+05 -0.1465073839493D+05
  0.8049461893368D+04 -0.6213666904790D+04 -0.4693363970743D+04
 -0.1976345447994D+04  0.2182719785933D+04
 -0.4471187902231D+06  0.1845322521256D+06 -0.6507122647984D+02
 -0.2394321264891D-05  0.1013832588447D-05 -0.1381964278347D-07
 -0.3471740670529D-07 -0.7302406896387D-06  0.7914508782635D-04
  0.2156250776624D-02 -0.4340077869170D-01 -0.1209924568913D+03
  0.2520695057927D+03  0.5498856863151D+03 -0.1704762999869D+04
  0.9848149954672D+04  0.5220496819394D+05 -0.3589450512222D+05
 -0.5220386616648D+05 -0.8123631807893D+05  0.6772421033853D+05
 -0.4652375880638D+05 -0.3113878534788D+05 -0.2572693116407D+05
 -0.4129082210873D+05  0.6344168362255D+05 -0.3320045875349D+05
  0.2712482622472D+05 -0.1791820244203D+05  0.1807659479877D+05
 -0.9581362640280D+04  0.7798149308175D+04  0.5855808884414D+04
  0.2242860380942D+04 -0.2712427492869D+04
  0.4063971666174D+06 -0.1458024983527D+06  0.4163771611221D+02
  0.7708941063291D-06 -0.3231355446281D-06  0.4458029911739D-08
  0.1120138455482D-07  0.2321900720601D-06 -0.2669719742152D-04
 -0.7744337597053D-03  0.1659729030723D-01  0.7740688114840D+02
 -0.1638064466809D+03 -0.3776050532938D+03  0.1259711117075D+04
 -0.7455789475618D+04 -0.3909877968859D+05  0.1756270780895D+05
  0.6704672294221D+05  0.9818501310478D+05 -0.8738366653793D+05
  0.6536793595834D+05  0.4643334574735D+05  0.3774091601604D+05
  0.5472825580490D+05 -0.7858559794337D+05  0.3944907735995D+05
 -0.3329627377847D+05  0.2284997254149D+05 -0.2201457094091D+05
  0.1132715322487D+05 -0.1004604663091D+05 -0.7226493143553D+04
 -0.2333064767586D+04  0.3449807943293D+04
 -0.3499229926375D+06  0.1132168041301D+06 -0.2644179809052D+02
 -0.2779740489606D-06  0.1155290412395D-06 -0.1608602872498D-08
 -0.4042129935308D-08 -0.8283194074833D-07  0.9988034888926D-05
  0.3047162324272D-03 -0.6868341318976D-02 -0.4911039960565D+02
  0.1048853466275D+03  0.2508342274812D+03 -0.8857993288559D+03
  0.5451833875211D+04  0.2859554839483D+05 -0.5608094707528D+04
 -0.7125372777220D+05 -0.1031252760717D+06  0.9725040449253D+05
 -0.7851700011092D+05 -0.5978375209465D+05 -0.4983299411952D+05
 -0.6880426068982D+05  0.9429259972425D+05 -0.4620153308380D+05
  0.4077161975741D+05 -0.2884967005120D+05  0.2629348967781D+05
 -0.1326155891490D+05  0.1298601483922D+05  0.8751094563624D+04
  0.2200958935242D+04 -0.4405559097610D+04
  0.2847062558562D+06 -0.8578928883029D+05  0.1657287755846D+02
  0.1102432767137D-06 -0.4549771455413D-07  0.6379799626896D-09
  0.1603152959928D-08  0.3255848186851D-07 -0.4077369050219D-05
 -0.1294771637591D-03  0.3037736380188D-02  0.3076039851774D+02
 -0.6618194107956D+02 -0.1630020488250D+03  0.6045205069504D+03
 -0.3885365526762D+04 -0.2048062926709D+05 -0.8915794102949D+03
  0.6635815382909D+05  0.9632794078196D+05 -0.9497943454514D+05
  0.8134979701238D+05  0.6591510193135D+05  0.5749484367087D+05
  0.7943384703079D+05 -0.1071845255177D+06  0.5267214784176D+05
 -0.4889738495000D+05  0.3531585770882D+05 -0.3052536269513D+05
  0.1529620903221D+05 -0.1639693847032D+05 -0.1029028122833D+05
 -0.1870199688741D+04  0.5516078125058D+04
 -0.2177954316515D+06  0.6274815340980D+05 -0.1016878171748D+02
 -0.4700016207262D-07  0.1928730205333D-07 -0.2719119716182D-09
 -0.6832648354590D-09 -0.1377980701580D-07  0.1777874442831D-05
  0.5826451777745D-04 -0.1410755739434D-02 -0.1887350773760D+02
  0.4092325885415D+02  0.1036132024399D+03 -0.4018973607534D+03
  0.2693301423728D+04  0.1429251039597D+05  0.3521316250826D+04
 -0.5548676108033D+05 -0.8109517369601D+05  0.8250738021372D+05
 -0.7359304999840D+05 -0.6245461428768D+05 -0.5705760376668D+05
 -0.8166175890890D+05  0.1122809856721D+06 -0.5729611817180D+05
  0.5604309125060D+05 -0.4098544701997D+05  0.3413104015153D+05
 -0.1724936514575D+05  0.1969602479938D+05  0.1163167406314D+05
  0.1483574016430D+04 -0.6608943667743D+04
  0.1553759864910D+06 -0.4365152437352D+05  0.6036947377880D+01
  0.2096598243417D-07 -0.8564913558998D-08  0.1212457909095D-09
  0.3046591330587D-09  0.6111049950217D-08 -0.8070183960043D-06
 -0.2710652592743D-04  0.6726799861157D-03  0.1121192195118D+02
 -0.2452695772697D+02 -0.6385232192094D+02  0.2582167018061D+03
 -0.1795551791419D+04 -0.9594249105248D+04 -0.3850534581117D+04
  0.4201777187882D+05  0.6183831268329D+05 -0.6422798712760D+05
  0.5872483442966D+05  0.5130254858837D+05  0.4858991998736D+05
  0.7317434483927D+05 -0.1052463361940D+06  0.5761472657971D+05
 -0.5955073679945D+05  0.4407123424876D+05 -0.3632887360083D+05
  0.1877395225901D+05 -0.2201112136678D+05 -0.1251334434215D+05
 -0.1249090250055D+04  0.7419050169856D+04
 -0.1020932546917D+06  0.2833784835267D+05 -0.3410414607235D+01
 -0.9485096426883D-08  0.3861019991657D-08 -0.5482883766752D-10
 -0.1377658865427D-09 -0.2751867220842D-08  0.3700331273637D-06
  0.1266838311326D-04 -0.3204387329261D-03 -0.6341261803974D+01
  0.1400819589349D+02  0.3749865706354D+02 -0.1575005381574D+03
  0.1129298746397D+04  0.6072095790952D+04  0.3101309111350D+04
 -0.2875505079725D+05 -0.4257321847269D+05  0.4479244194339D+05
 -0.4149700348135D+05 -0.3678191414099D+05 -0.3561529534985D+05
 -0.5644819280842D+05  0.8596475370213D+05 -0.5143489729147D+05
  0.5653240165828D+05 -0.4278828356097D+05  0.3605053543540D+05
 -0.1927782357370D+05  0.2248657861396D+05  0.1263532484279D+05
  0.1262785302821D+04 -0.7672036444968D+04
  0.6063245544544D+05 -0.1675387085406D+05  0.1790666440492D+01
  0.4195959341205D-08 -0.1703269091230D-08  0.2424539736897D-10
  0.6091828791843D-10  0.1212932931373D-08 -0.1653890688402D-06
 -0.5746261774844D-05  0.1475047614408D-03  0.3334459655473D+01
 -0.7440589553433D+01 -0.2045657025828D+02  0.8881834347371D+02
 -0.6525644632013D+03 -0.3527363991618D+04 -0.2062938085323D+04
  0.1756745484394D+05  0.2613309175499D+05 -0.2770799520376D+05
  0.2581401791293D+05  0.2297904851743D+05  0.2245141847891D+05
  0.3711578954066D+05 -0.5982511390588D+05  0.3919471505492D+05
 -0.4599341133386D+05  0.3622688680713D+05 -0.3215965762973D+05
  0.1803045817244D+05 -0.2062384952797D+05 -0.1170965384822D+05
 -0.1393962576907D+04  0.7187241013680D+04
 -0.3162755575993D+05  0.8732495654491D+04 -0.8452143104919D+00
 -0.1736433608178D-08  0.7033526493181D-09 -0.1003021729095D-10
 -0.2520090264585D-10 -0.5005345897518D-09  0.6898602059726D-07
  0.2424140328189D-05 -0.6293543513420D-04 -0.1576419530407D+01
  0.3552110226821D+01  0.1000672790078D+02 -0.4468134895517D+02
  0.3345737804978D+03  0.1816260870231D+04  0.1153092910539D+04
 -0.9349761342152D+04 -0.1395829782453D+05  0.1486480083682D+05
 -0.1386520203863D+05 -0.1231773680066D+05 -0.1202128385691D+05
 -0.2047128880020D+05  0.3465908152497D+05 -0.2461795270821D+05
  0.3074374386858D+05 -0.2554534457524D+05  0.2443226724104D+05
 -0.1462911903647D+05  0.1648709983420D+05  0.9626411328953D+04
  0.1404591153122D+04 -0.5951724254066D+04
  0.1386654783142D+05 -0.3831154187754D+04  0.3417543789388D+00
  0.6348913607191D-09 -0.2567387810336D-09  0.3666322309940D-11
  0.9211402077149D-11  0.1826098900548D-09 -0.2537585246340D-07
 -0.8994686878249D-06  0.2355543763253D-04  0.6384130395408D+00
 -0.1451458893929D+01 -0.4177126419315D+01  0.1908568046558D+02
 -0.1450247770890D+03 -0.7899426931638D+03 -0.5290711145752D+03
  0.4159552812840D+04  0.6225832667987D+04 -0.6646003327641D+04
  0.6192159529064D+04  0.5472116703963D+04  0.5298946132530D+04
  0.9182331511798D+04 -0.1616295647828D+05  0.1225972043145D+05
 -0.1613883048399D+05  0.1419672458682D+05 -0.1475486452891D+05
  0.9622294310391D+04 -0.1089688939763D+05 -0.6672448573711D+04
 -0.1157651153069D+04  0.4180080354420D+04
 -0.4762402824332D+04  0.1316725227925D+04 -0.1099216006819D+00
 -0.1891024753968D-09  0.7637193936439D-10 -0.1091768824123D-11
 -0.2742944775300D-11 -0.5429875709759D-10  0.7593034547427D-08
  0.2709330481463D-06 -0.7142452503974D-05 -0.2056355910118D+00
  0.4712116344222D+00  0.1380726309581D+01 -0.6426276548774D+01
  0.4938862872452D+02  0.2697212505504D+03  0.1877338885076D+03
 -0.1444174778389D+04 -0.2165362879430D+04  0.2314310544015D+04
 -0.2151917152047D+04 -0.1889637747820D+04 -0.1809321584501D+04
 -0.3157392963715D+04  0.5718012449686D+04 -0.4560190567309D+04
  0.6254026721697D+04 -0.5792352949231D+04  0.6504982083511D+04
 -0.4672611842061D+04  0.5454156816728D+04  0.3593889375853D+04
  0.7099655511392D+03 -0.2323014918303D+04
  0.1129426468707D+04 -0.3122216757262D+03  0.2471525718636D-01
  0.4009823915629D-10 -0.1617843047769D-10  0.2314627555843D-12
  0.5815144366960D-12  0.1149889753743D-10 -0.1615714569563D-08
 -0.5794420627732D-07  0.1535300449741D-05  0.4629398413989D-01
 -0.1067847198944D+00 -0.3174967273955D+00  0.1499218273009D+01
 -0.1162501050585D+02 -0.6361202560794D+02 -0.4569985041197D+02
  0.3453374063996D+03  0.5183311541960D+03 -0.5543124570708D+03
  0.5143831556272D+03  0.4490245072812D+03  0.4247111583944D+03
  0.7401420754757D+03 -0.1365636492192D+04  0.1129900688436D+04
 -0.1597886366649D+04  0.1542336246260D+04 -0.1843083392739D+04
  0.1456254851618D+04 -0.1788436496072D+04 -0.1299598157377D+04
 -0.2792296961107D+03  0.8986297288112D+03
 -0.1372905418148D+03  0.3788742888012D+02 -0.2876249777364D-02
 -0.4462447430824D-11  0.1799115069414D-11 -0.2575538082674D-13
 -0.6470559450247D-13 -0.1278421646495D-11  0.1802894079498D-09
  0.6490697873774D-08 -0.1726433748679D-06 -0.5392965367327D-02
  0.1250503411262D-01  0.3759886622815D-01 -0.1794815865188D+00
  0.1401612338127D+01  0.7680610941129D+01  0.5689238922942D+01
 -0.4225161150212D+02 -0.6344175861430D+02  0.6786758691300D+02
 -0.6289319117855D+02 -0.5466108635618D+02 -0.5111745427811D+02
 -0.8834260068570D+02  0.1645536513005D+03 -0.1397977853598D+03
  0.2025441653893D+03 -0.2015473994485D+03  0.2511563673028D+03
 -0.2158844546980D+03  0.2823035548329D+03  0.2284379461005D+03
  0.5040658070425D+02 -0.1776418947364D+03
           2          36          36
 -0.3588570592167D+12 -0.8771437955635D+11 -0.5942988234763D+11
 -0.5309097590343D+11 -0.4262509811434D+11 -0.3999650110091D+11
 -0.2954763900384D+11 -0.2204412123792D+11 -0.1822703911950D+11
 -0.1267475796073D+11 -0.1017358809283D+11 -0.8038139962202D+10
 -0.5672004893546D+10 -0.4179098367012D+10 -0.2700892350071D+10
 -0.3080283947008D+09 -0.1556640292681D-28  0.2302092100566D-30
  0.1238822715476D-26  0.3150425234548D-25  0.1132493908470D-22
  0.1039936663612D-19  0.5409283545239D-17  0.7185115270008D+09
  0.4601063507583D+10  0.7750207300199D+10  0.1149750544988D+11
  0.1411584138648D+11  0.1994623996529D+11  0.3260878749978D+11
  0.3309499496437D+11  0.3685377048929D+11  0.4995372743688D+11
  0.6102103163599D+11  0.2248999842725D+12  0.4315046851126D+12
  0.6819846112368D-02  0.8203093967735D-02  0.1020028228126D-01
  0.1268372141372D-01  0.1617832843915D-01  0.2063576631396D-01
  0.2632131329057D-01  0.3357333683660D-01  0.4282343110699D-01
  0.5462210267333D-01  0.6967153316141D-01  0.8886736861983D-01
  0.1133520226563D+00  0.1445826656041D+00  0.1844179459997D+00
  0.2352286054808D+00  0.3000385701971D+00  0.3827049155945D+00
  0.4881474149272D+00  0.6226413327614D+00  0.7941908886698D+00
  0.1013005617293D+01  0.1292107974679D+01  0.1648108351748D+01
  0.2102193618746D+01  0.2681388032535D+01  0.3420161547874D+01
  0.4362481249123D+01  0.5564427990478D+01  0.7097533970477D+01
  0.9053039871893D+01  0.1154732492483D+02  0.1472883305568D+02
  0.1878690732220D+02  0.2396305840379D+02  0.3056533777568D+02
 -0.1027501305859D+02 -0.1771277166966D+03 -0.2671978024208D+03
  0.3266491681414D+03  0.8282770400274D+02  0.1663658969758D+03
 -0.1978869812927D+02 -0.5103445886309D+02 -0.5003334826878D+03
  0.1383188917038D+03  0.1392567966082D+03  0.2238682851049D+03
  0.2136507968339D+03  0.3997579815930D+02  0.3264737675070D+02
  0.8253452159406D+02  0.1801440768182D+03 -0.1597021186097D+02
  0.3099249051850D+03  0.7675730522108D+03 -0.6663524282924D+03
  0.6898061595580D+03 -0.6812417418083D+03  0.1778191302123D+03
 -0.1799749833622D+03  0.5525769102066D+02  0.2398999375859D+03
 -0.2635127443222D+03  0.3347246425296D+03 -0.7185514227229D+03
  0.1244841036754D+03  0.2312685155060D+03  0.4779233126176D+03
 -0.2015689948518D+03 -0.1492116846436D+02  0.6225240401495D+01
  0.5219340727661D+02  0.1127235527829D+04  0.1679726896670D+04
 -0.2006864773493D+04 -0.4547778695277D+03 -0.1035426673504D+04
  0.1368824855150D+03  0.3337116950827D+03  0.3026984048594D+04
 -0.8216540411443D+03 -0.8522155722209D+03 -0.1330733316881D+04
 -0.1317917006927D+04 -0.3047679410765D+03 -0.1839438948157D+03
 -0.5194846917802D+03 -0.5557237357868D+03 -0.1346743335864D+01
 -0.1246630040539D+04 -0.3740872172620D+04  0.3582786025358D+04
 -0.3884329218275D+04  0.3965028655094D+04 -0.1096235746403D+04
  0.1105924136290D+04 -0.3825537931783D+03 -0.1438941011810D+04
  0.1565010893379D+04 -0.2051213716087D+04  0.4441901649180D+04
 -0.7976848061140D+03 -0.1415085585044D+04 -0.2932641890527D+04
  0.1199096019642D+04  0.9052983726718D+02 -0.5361037512194D+02
 -0.1287141521418D+03 -0.4179798460572D+04 -0.6119339801644D+04
  0.7077480500651D+04  0.1329668677895D+04  0.3721346630890D+04
 -0.5568604788404D+03 -0.1281913145614D+04 -0.1043063674329D+05
  0.2761384153746D+04  0.2982867211522D+04  0.4466251244789D+04
  0.4673626138853D+04  0.1373743339892D+04  0.5607555190485D+03
  0.1895435397786D+04  0.6491623418728D+03  0.6719663325629D+02
  0.2317721232911D+04  0.9482665481345D+04 -0.1039021948070D+05
  0.1205053075532D+05 -0.1291052957705D+05  0.3883725187283D+04
 -0.3895481647176D+04  0.1564781733567D+04  0.4895190465619D+04
 -0.5243248988962D+04  0.7205682773890D+04 -0.1580397652754D+05
  0.2983670746573D+04  0.4960763798575D+04  0.1032214994935D+05
 -0.4028299847373D+04 -0.3133058166885D+03  0.2673575261100D+03
  0.1390336362518D+03  0.1019204043712D+05  0.1459780420787D+05
 -0.1623369360585D+05 -0.2275684635105D+04 -0.8742065555820D+04
  0.1473032893150D+04  0.3248232226368D+04  0.2321006637369D+05
 -0.5973695631154D+04 -0.6756384262022D+04 -0.9602409638567D+04
 -0.1078935091921D+05 -0.3991950810183D+04 -0.1023425496013D+04
 -0.4528556331322D+04 -0.1826104613714D+03 -0.5843554883913D+02
 -0.2233582918028D+04 -0.1453387938258D+05  0.1861126930844D+05
 -0.2348669337465D+05  0.2674442344524D+05 -0.8953360021557D+04
  0.8899642814381D+04 -0.4188072791031D+04 -0.1071276344609D+05
  0.1123749783142D+05 -0.1644267937829D+05  0.3664587162074D+05
 -0.7340352810289D+04 -0.1129319600989D+05 -0.2361176298441D+05
  0.8668669690506D+04  0.7011389259422D+03 -0.8361531347087D+03
  0.1456662831644D+03 -0.2105874002049D+05 -0.2924848801560D+05
  0.3084647973406D+05  0.2294166709481D+04  0.1718837326168D+05
 -0.3261335287864D+04 -0.7022577985239D+04 -0.4214023806971D+05
  0.1049769758619D+05  0.1253503497138D+05  0.1655706839578D+05
  0.2067262103251D+05  0.9780672910140D+04  0.1200974802704D+04
  0.9086374042629D+04 -0.4012293014064D+03 -0.4246570950552D+02
  0.9047776049850D+03  0.1591707868707D+05 -0.2485444476233D+05
  0.3530049562506D+05 -0.4383344732644D+05  0.1711550359971D+05
 -0.1673593737969D+05  0.9491286879743D+04  0.1897324248359D+05
 -0.1924895922456D+05  0.3100283175533D+05 -0.7068700595208D+05
  0.1530594291833D+05  0.2123110284505D+05  0.4467112140524D+05
 -0.1495626757628D+05 -0.1283906395789D+04  0.2180846276521D+04
 -0.1105280156810D+04  0.3956019661097D+05  0.5284204090101D+05
 -0.5228124423113D+05  0.3452912505951D+03 -0.3044933407971D+05
  0.6336468810106D+04  0.1381024702303D+05  0.6707756516865D+05
 -0.1628320815199D+05 -0.2038124065167D+05 -0.2452160627492D+05
 -0.3537126898305D+05 -0.2113430607234D+05 -0.3159108923034D+03
 -0.1642381876223D+05  0.6065080859378D+03  0.1163995179440D+03
  0.4116925172052D+03 -0.1380437148539D+05  0.2682735217964D+05
 -0.4408676596783D+05  0.6112351647364D+05 -0.2918335815098D+05
  0.2775748329382D+05 -0.1917370042747D+05 -0.2918454201775D+05
  0.2813452038949D+05 -0.5200108504071D+05  0.1220614986258D+06
 -0.2894078817558D+05 -0.3550341243963D+05 -0.7522856390937D+05
  0.2213595412237D+05  0.2067605391559D+04 -0.4956688908644D+04
  0.3222543655589D+04 -0.6724288546837D+05 -0.8548806500200D+05
  0.7843299597015D+05 -0.8140542142813D+04  0.4835893697947D+05
 -0.1055793983536D+05 -0.2451058392752D+05 -0.9220420250004D+05
  0.2238983314862D+05  0.2844631426459D+05  0.3036451117383D+05
  0.5363517558704D+05  0.3988343935529D+05 -0.3068778846331D+04
  0.2652648112324D+05 -0.4721134462876D+03 -0.1114093930314D+03
 -0.9692519303646D+03  0.9335293410658D+04 -0.2287210786797D+05
  0.4462062493209D+05 -0.7092354726320D+05  0.4402071351458D+05
 -0.3993126423505D+05  0.3404136598958D+05  0.3821818392778D+05
 -0.3387405291776D+05  0.7695556992580D+05 -0.1873545434467D+06
  0.4923796769255D+05  0.5240013273776D+05  0.1117934994957D+06
 -0.2729670814860D+05 -0.2886741962897D+04  0.9781595195631D+04
 -0.6857600479903D+04  0.1053384310039D+06  0.1258301964502D+06
 -0.1058129481979D+06  0.2285874960312D+05 -0.7016612145245D+05
  0.1493846097523D+05  0.3983164826880D+05  0.1100148120228D+06
 -0.2854180032769D+05 -0.3380405933663D+05 -0.3084384810984D+05
 -0.7327155870148D+05 -0.6656487482680D+05  0.1073084737040D+05
 -0.3881171326914D+05  0.2514798284036D+03  0.6666838705977D+02
  0.8244606070512D+03 -0.4991903001773D+04  0.1550864750797D+05
 -0.3662601261256D+05  0.6844737046209D+05 -0.5967238342385D+05
  0.4981361624885D+05 -0.5350526210466D+05 -0.4245573936892D+05
  0.3218306482147D+05 -0.1021026574139D+06  0.2598564149095D+06
 -0.7644608493788D+05 -0.6940994153112D+05 -0.1487235206803D+06
  0.2735201520654D+05  0.3512881807090D+04 -0.1705679642155D+05
  0.1205499651637D+05 -0.1547249426469D+06 -0.1709700955142D+06
  0.1303288698120D+06 -0.4413403830173D+05  0.9472136068269D+05
 -0.1735519616155D+05 -0.6000616247978D+05 -0.1139596773475D+06
  0.3589689211134D+05  0.3306839007643D+05  0.2414097479976D+05
  0.9177588896194D+05  0.9940448471493D+05 -0.2442874220096D+05
  0.5199453259797D+05 -0.1006644512773D+03 -0.2865789107230D+02
 -0.4628392517714D+03  0.2151155326614D+04 -0.8477558927350D+04
  0.2453004287799D+05 -0.5497818927659D+05  0.7392871186969D+05
 -0.5307755227992D+05  0.7478097108035D+05  0.3930395707112D+05
 -0.2047185994188D+05  0.1235783642180D+06 -0.3308946423428D+06
  0.1095641489608D+06  0.8403018540984D+05  0.1794724906314D+06
 -0.2049556620550D+05 -0.3714997403982D+04  0.2671344497462D+05
 -0.1851795595161D+05  0.2159459002450D+06  0.2168080260702D+06
 -0.1482637793820D+06  0.6869755216211D+05 -0.1206797139488D+06
  0.1485924026517D+05  0.8443696958555D+05  0.1015740127087D+06
 -0.4679095746919D+05 -0.2367273804140D+05 -0.1103820626188D+05
 -0.1073298483809D+06 -0.1342006672755D+06  0.4543416929189D+05
 -0.6406707970458D+05  0.3195007692748D+02  0.9491577490891D+01
  0.1950606076914D+03 -0.7629947235110D+03  0.3801480753144D+04
 -0.1354781815083D+05  0.3687253636441D+05 -0.8526077464570D+05
  0.4570948199179D+05 -0.9288591041632D+05 -0.2873154289413D+05
 -0.4106500165389D+03 -0.1389323033605D+06  0.3919153537025D+06
 -0.1459426982267D+06 -0.9468187753765D+05 -0.1981991477437D+06
  0.7513997445898D+04  0.3331261043221D+04 -0.3813758195678D+05
  0.2587356115546D+05 -0.2889263572569D+06 -0.2586993231947D+06
  0.1569196577376D+06 -0.9128809750998D+05  0.1463957177654D+06
 -0.5002397742132D+04 -0.1112130014946D+06 -0.7618694900008D+05
  0.6266556896055D+05  0.5416026318320D+04 -0.5295174683668D+04
  0.1196369555844D+06  0.1657670635221D+06 -0.7413725805038D+05
  0.7249076284339D+05 -0.8373412899629D+01 -0.2542651279988D+01
 -0.6575719772350D+02  0.2279399705891D+03 -0.1427333888829D+04
  0.6264605201096D+04 -0.2081665712708D+05  0.9368624061568D+05
 -0.2555056696200D+05  0.1020381709441D+06  0.1378481604507D+05
  0.2605699847613D+05  0.1479602082181D+06 -0.4362574752878D+06
  0.1813618230259D+06  0.1010106083848D+06  0.2007533395608D+06
  0.7993876288465D+04 -0.2315409477819D+04  0.5041973444380D+05
 -0.3403254736364D+05  0.3720258269639D+06  0.2923922468140D+06
 -0.1550910733497D+06  0.1071364600216D+06 -0.1695411900678D+06
 -0.1219730188333D+05  0.1365874770547D+06  0.4571682031111D+05
 -0.8135453999086D+05  0.1889837550424D+05  0.2067261205120D+05
 -0.1299944691958D+06 -0.1902371140166D+06  0.1099001026715D+06
 -0.7491144437119D+05  0.1878175343397D+01  0.5735856127751D+00
  0.1854459765040D+02 -0.5881340009198D+02  0.4593096474988D+03
 -0.2472626282630D+04  0.1002754660736D+05 -0.1009316975494D+06
 -0.6700684426751D+04 -0.9806104933356D+05  0.4000886891819D+03
 -0.5047977554739D+05 -0.1520247273832D+06  0.4604539376986D+06
 -0.2112691879465D+06 -0.1032282424798D+06 -0.1848316943941D+06
 -0.2073378853793D+05  0.7502045068976D+03 -0.6278505194069D+05
  0.4327013527026D+05 -0.4605215688384D+06 -0.3150298309095D+06
  0.1435909353419D+06 -0.1141321844729D+06  0.1870723779765D+06
  0.3348487823122D+05 -0.1551754077628D+06 -0.1900923462698D+05
  0.9655754589588D+05 -0.4482205986107D+05 -0.3089179359293D+05
  0.1405528968408D+06  0.2063948024470D+06 -0.1511023714566D+06
  0.7063000053447D+05 -0.3732119772826D+00 -0.1130944429906D+00
 -0.4546331135174D+01  0.1346953741016D+02 -0.1299933313265D+03
  0.8522934761618D+03 -0.4198311526734D+04  0.1095397240620D+06
  0.4788784677919D+05  0.8026039135776D+05 -0.8550749702580D+04
  0.6902861136253D+05  0.1521215414858D+06 -0.4651228977312D+06
  0.2327659378109D+06  0.1011302332899D+06  0.1498136261930D+06
  0.2579913096726D+05  0.1164661555569D+04  0.7484567054339D+05
 -0.5393310376209D+05  0.5455290799799D+06  0.3259145064263D+06
 -0.1253531579227D+06  0.1130413831017D+06 -0.1962715879325D+06
 -0.5423413179224D+05  0.1616043645539D+06  0.2278764344021D+04
 -0.1007512148867D+06  0.6861811575464D+05  0.3195084886283D+05
 -0.1533601365701D+06 -0.2153473606310D+06  0.1954047792299D+06
 -0.6187262673943D+05  0.6800565690986D-01  0.2021137382374D-01
  0.1004581428599D+01 -0.2819835926066D+01  0.3327966999340D+02
 -0.2632535024836D+03  0.1562470145328D+04 -0.1215949925571D+06
 -0.9405208520022D+05 -0.5142508577227D+05  0.7076358477945D+04
 -0.8042952665424D+05 -0.1475393713449D+06  0.4547984852065D+06
 -0.2453388507081D+06 -0.9391772435633D+05 -0.9694212712075D+05
 -0.2114527542059D+05 -0.3166820353085D+04 -0.8651035392626D+05
  0.6600477408684D+05 -0.6147145197168D+06 -0.3266713918585D+06
  0.1049701213446D+06 -0.1062175654786D+06  0.1963019922746D+06
  0.7144773598713D+05 -0.1528564317050D+06  0.2365337775414D+04
  0.8958199223521D+05 -0.8849452349214D+05 -0.2092302987436D+05
  0.1696316857141D+06  0.2196188613333D+06 -0.2404940279287D+06
  0.5301855777684D+05 -0.1176525524232D-01 -0.3394454867697D-02
 -0.2072857180947D+00  0.5566504968057D+00 -0.7940294592951D+01
  0.7492862685228D+02 -0.5302232123300D+03  0.1381228145402D+06
  0.1420929849459D+06  0.1617781766089D+05  0.4980812463178D+04
  0.8677765535631D+05  0.1368228693593D+06 -0.4359473046873D+06
  0.2494850178696D+06  0.8120227399088D+05  0.2975041809822D+05
  0.8938429471357D+04  0.5041553647574D+04  0.9768690446173D+05
 -0.7881600560695D+05  0.6554226544872D+06  0.3204969829878D+06
 -0.8806427048276D+05  0.9622898570027D+05 -0.1887334905693D+06
 -0.8507919173001D+05  0.1296040570624D+06  0.3634267720055D+04
 -0.6461298827578D+05  0.1043327632965D+06 -0.2269109054457D+04
 -0.1894271033043D+06 -0.2226045227313D+06  0.2849658341781D+06
 -0.4792492131107D+05  0.2000407022310D-02  0.5552827511502D-03
  0.4135257168951D-01 -0.1069738079225D+00  0.1820700323849D+01
 -0.2023434307700D+02  0.1686060347806D+03 -0.1592548809506D+06
 -0.1900399052344D+06  0.2050883439646D+05 -0.2592360042615D+05
 -0.9165927806853D+05 -0.1201034205714D+06  0.4135384009530D+06
 -0.2452765762789D+06 -0.6420443836122D+05  0.4588502734924D+05
  0.5991291926781D+04 -0.6731319503897D+04 -0.1080048558876D+06
  0.9100197281916D+05 -0.6591065810976D+06 -0.3104482669984D+06
  0.7993313977737D+05 -0.8509178301603D+05  0.1764678993921D+06
  0.9726543041980D+05 -0.9587122891352D+05 -0.1683783015521D+05
  0.3260231137266D+05 -0.1169007512260D+06  0.3399581776434D+05
  0.2117588433143D+06  0.2280773569876D+06 -0.3284768064321D+06
  0.4792786144041D+05 -0.3455661443204D-03 -0.9159006420810D-04
 -0.8246538072122D-02  0.2065297744663D-01 -0.4136288678448D+00
  0.5338433254872D+01 -0.5166170738385D+02  0.1844728925505D+06
  0.2360006635305D+06 -0.5354580481456D+05  0.5217025117008D+05
  0.9795988857828D+05  0.1000465375624D+06 -0.3883571110913D+06
  0.2329336583429D+06  0.4568944866100D+05 -0.1220650318524D+06
 -0.1996502285093D+05  0.8341145559993D+04  0.1166529546005D+06
 -0.1005577828144D+06  0.6246620835774D+06  0.2974026156443D+06
 -0.8297515885409D+05  0.7408667792623D+05 -0.1619238347066D+06
 -0.1109306162708D+06  0.5746080127193D+05  0.3322212644810D+05
 -0.2028173855235D+04  0.1270900468907D+06 -0.6802175199745D+05
 -0.2347643897975D+06 -0.2390591934904D+06  0.3709981476774D+06
 -0.5219773391715D+05  0.6253270609261D-04  0.1572896291309D-04
  0.1695275046640D-02 -0.4126143239690D-02  0.9581750294853D-01
 -0.1415054372598D+01  0.1567132517011D+02 -0.2126169231552D+06
 -0.2772951343308D+06  0.7762311494291D+05 -0.7968542331225D+05
 -0.1068937971262D+06 -0.8032971714113D+05  0.3577103354072D+06
 -0.2141545532904D+06 -0.2886378617626D+05  0.1895444379162D+06
  0.3320997734199D+05 -0.1001278756265D+05 -0.1222666975702D+06
  0.1048460619602D+06 -0.5588680604513D+06 -0.2793315535231D+06
  0.9474078457920D+05 -0.6424168710141D+05  0.1459101783775D+06
  0.1282089126833D+06 -0.1997162886659D+05 -0.4893724536701D+05
 -0.2064569176517D+05 -0.1353963739979D+06  0.9766382894884D+05
  0.2559122125187D+06  0.2560262585582D+06 -0.4117107857964D+06
  0.5953577905815D+05 -0.1216999362200D-04 -0.2892416954698D-05
 -0.3690118023451D-03  0.8755549820624D-03 -0.2321875020896D-01
  0.3864689828653D+00 -0.4824513621847D+01  0.2418567690856D+06
  0.3108295519406D+06 -0.8813777158939D+05  0.1054246155068D+06
  0.1183855690576D+06  0.6329540996993D+05 -0.3190385127219D+06
  0.1916625268723D+06  0.1689428248710D+05 -0.2393881209535D+06
 -0.4908720752718D+05  0.1175650973140D+05  0.1228420491484D+06
 -0.1008570545048D+06  0.4738322466257D+06  0.2530566605013D+06
 -0.1090847569809D+06  0.5693343681978D+05 -0.1281419900028D+06
 -0.1487164328791D+06 -0.1248296208027D+05  0.6105579241417D+05
  0.3288267818544D+05  0.1415944020099D+06 -0.1174457952578D+06
 -0.2726185766947D+06 -0.2754852538170D+06  0.4480483017896D+06
 -0.6969391775377D+05  0.2600851302384D-05  0.5826155184299D-06
  0.8689747386659D-04 -0.2015405724175D-03  0.6010291514047D-02
 -0.1110677465942D+00  0.1539555925886D+01 -0.2697482164729D+06
 -0.3343509570330D+06  0.8305561178760D+05 -0.1277318174532D+06
 -0.1318912633075D+06 -0.4870347271737D+05  0.2728067159363D+06
 -0.1675226691651D+06 -0.1324576571834D+05  0.2656984628455D+06
  0.7083704489407D+05 -0.1334187528472D+05 -0.1159724224468D+06
  0.8649188155334D+05 -0.3828583480324D+06 -0.2173423753092D+06
  0.1199296297743D+06 -0.5353764513543D+05  0.1087793229251D+06
  0.1691209168247D+06  0.3744935719576D+05 -0.6851973695215D+05
 -0.3567574616520D+05 -0.1442774771638D+06  0.1235434041347D+06
  0.2829061545470D+06  0.2903536859076D+06 -0.4753030941541D+06
  0.8321850792711D+05 -0.6191539029958D-06 -0.1306531217744D-06
 -0.2247843579402D-04  0.5108786900298D-04 -0.1687597567809D-02
  0.3412579469758D-01 -0.5176687167867D+00  0.2933483107997D+06
  0.3474016744139D+06 -0.6402723273118D+05  0.1458485080287D+06
  0.1467801905601D+06  0.3412501853074D+05 -0.2223995468435D+06
  0.1427133848166D+06  0.2116881950521D+05 -0.2680000922358D+06
 -0.9882204941841D+05  0.1430293032141D+05  0.1000272313887D+06
 -0.6247730861590D+05  0.2968218344418D+06  0.1747981251200D+06
 -0.1244692545140D+06  0.5435641127123D+05 -0.8934783100196D+05
 -0.1851937613229D+06 -0.5407326391539D+05  0.7200163059333D+05
  0.3189782773190D+05  0.1406884737290D+06 -0.1139838994432D+06
 -0.2854437250480D+06 -0.2925302548355D+06  0.4871436303624D+06
 -0.1001740158752D+06  0.1654115671708D-06  0.3292340583897D-07
  0.6442331680613D-05 -0.1438226068525D-04  0.5187113290421D-03
 -0.1132305267404D-01  0.1854318665892D+00 -0.3094074001862D+06
 -0.3510700082540D+06  0.3557588159106D+05 -0.1596020249837D+06
 -0.1622166027639D+06 -0.1695687642652D+05  0.1721449528112D+06
 -0.1181395785250D+06 -0.4169102296122D+05  0.2514123082568D+06
  0.1301612906778D+06 -0.1405865075530D+05 -0.7586880510304D+05
  0.3281547169401D+05 -0.2224537113427D+06 -0.1312027874996D+06
  0.1234285420622D+06 -0.5811488871920D+05  0.7228071824897D+05
  0.1946789788384D+06  0.6334014527444D+05 -0.7236097593118D+05
 -0.2481706856062D+05 -0.1278525411249D+06  0.8973653166812D+05
  0.2791425091796D+06  0.2768126012232D+06 -0.4771287698296D+06
  0.1187654475995D+06 -0.4962835923626D-07 -0.9344489985635D-08
 -0.2049806260342D-05  0.4505332979401D-05 -0.1750400353961D-03
  0.4073991681197D-02 -0.7113820961474D-01  0.3146328572192D+06
  0.3466857111435D+06 -0.3370283954093D+04  0.1693440664616D+06
  0.1770496751696D+06 -0.3004679328768D+04 -0.1256331982742D+06
  0.9531314102032D+05  0.7193122304798D+05 -0.2242473438473D+06
 -0.1603235308467D+06  0.1215756348251D+05  0.4723329247989D+05
 -0.2910284822078D+04  0.1624295351571D+06  0.9305995548977D+05
 -0.1188317959841D+06  0.6248709282981D+05 -0.5971702300560D+05
 -0.1980366592005D+06 -0.6782422671606D+05  0.6947178903296D+05
  0.1720644547330D+05  0.1047976436614D+06 -0.5570566379249D+05
 -0.2628752314996D+06 -0.2440965358707D+06  0.4412435107907D+06
 -0.1351267418311D+06  0.1663272420803D-07  0.2975101096934D-08
  0.7211750858114D-06 -0.1563994790792D-05  0.6466423928211D-04
 -0.1587103449927D-02  0.2922503122610D-01 -0.3063395806438D+06
 -0.3342121220814D+06 -0.2666321948790D+05 -0.1755322517988D+06
 -0.1898147998490D+06  0.2283151193389D+05  0.8513649564095D+05
 -0.7599579853995D+05 -0.1056943489792D+06  0.1945514056889D+06
  0.1849174143709D+06 -0.8614023866187D+04 -0.1902124610382D+05
 -0.2282811769433D+05 -0.1163284027278D+06 -0.6519111534595D+05
  0.1115866696190D+06 -0.6496645996975D+05  0.5250750348728D+05
  0.1965985716567D+06  0.7045985127821D+05 -0.6265645182610D+05
 -0.1083228719700D+05 -0.7403252407482D+05  0.1957541295352D+05
  0.2359226863691D+06  0.2011565813983D+06 -0.3809792494176D+06
  0.1449660730941D+06 -0.6161473618050D-08 -0.1052299735047D-08
 -0.2779958829679D-06  0.5960744767697D-06 -0.2594527543240D-04
  0.6651066944969D-03 -0.1279192103871D-01  0.2834350132851D+06
  0.3114704500082D+06  0.4867590059522D+05  0.1779765742098D+06
  0.1984814246533D+06 -0.3833424099040D+05 -0.5173240518263D+05
  0.6145846749885D+05  0.1358048000669D+06 -0.1675165941643D+06
 -0.2004631541846D+06  0.4113745720737D+04 -0.4869665196427D+04
  0.4202796706241D+05  0.8180941394293D+05  0.4936830129271D+05
 -0.1007612276647D+06  0.6347051316193D+05 -0.4981484372119D+05
 -0.1903793519092D+06 -0.7313950126202D+05  0.5200210722082D+05
  0.6257735440824D+04  0.4108876597571D+05  0.1149575102864D+05
 -0.1993178796120D+06 -0.1567546895434D+06  0.3046404576348D+06
 -0.1459000501200D+06  0.2485754178459D-08  0.4075950214766D-09
  0.1158347419861D-06 -0.2460233545277D-06  0.1116854234057D-04
 -0.2965957623882D-03  0.5909404743508D-02 -0.2470778747991D+06
 -0.2756588428705D+06 -0.5832638713260D+05 -0.1754481765787D+06
 -0.2001410467880D+06  0.4637802682155D+05  0.2570916932936D+05
 -0.5192665195593D+05 -0.1560452289867D+06  0.1447450879615D+06
  0.2043456794983D+06  0.1171673986842D+03  0.2247261140565D+05
 -0.5401063449284D+05 -0.5590634605599D+05 -0.4378323143245D+05
  0.8493483873117D+05 -0.5684546820656D+05  0.4930280028680D+05
  0.1775771729675D+06  0.7583084027336D+05 -0.3912615607696D+05
 -0.2954236644236D+04 -0.1250525560568D+05 -0.3364613884352D+05
  0.1568707439260D+06  0.1173181141713D+06 -0.2246572078159D+06
  0.1383242253944D+06 -0.1072318675756D-08 -0.1697623722343D-09
 -0.5128694544186D-07  0.1080779902600D-06 -0.5076442181796D-05
  0.1387004528384D-03 -0.2843173834272D-02  0.2008525941282D+06
  0.2267293101879D+06  0.5496264326774D+05  0.1663071096794D+06
  0.1917255702050D+06 -0.4578433992573D+05 -0.6998035515006D+04
  0.4636181551934D+05  0.1618604940296D+06 -0.1251838243591D+06
 -0.1948745914444D+06 -0.2813876458531D+04 -0.3341852629537D+05
  0.5899261786041D+05  0.3628585958643D+05  0.4344000913184D+05
 -0.6451070063057D+05  0.4544788595180D+05 -0.4794933936932D+05
 -0.1561444471761D+06 -0.7651672697198D+05  0.2652860379158D+05
 -0.1223907338597D+03 -0.6835121891953D+04  0.4628725118579D+05
 -0.1144887757129D+06 -0.8526900054749D+05  0.1524466321179D+06
 -0.1241181148496D+06  0.4841561648278D-09  0.7440174577563D-10
  0.2364374058599D-07 -0.4950654159003D-07  0.2389955703910D-05
 -0.6680174545921D-04  0.1400840181727D-02 -0.1505209287507D+06
 -0.1695149901526D+06 -0.4220341872072D+05 -0.1498225348734D+06
 -0.1718724705160D+06  0.3745713837738D+05 -0.4726733382834D+04
 -0.4275095336872D+05 -0.1510533867331D+06  0.1066976468489D+06
  0.1718907316907D+06  0.3337900939406D+04  0.3822250468768D+05
 -0.5755214721907D+05 -0.2176108192406D+05 -0.4235247116485D+05
  0.4264316707420D+05 -0.3136576954561D+05  0.4345161543223D+05
  0.1262637646394D+06  0.7236875300709D+05 -0.1607300056986D+05
  0.3512011114438D+04  0.1568112196860D+05 -0.5020362472577D+05
  0.7796239338733D+05  0.6005169795320D+05 -0.9475066127284D+05
  0.1047783642211D+06 -0.2232579106396D-09 -0.3346806208421D-10
 -0.1108512947748D-07  0.2309049804044D-07 -0.1139393727926D-05
  0.3242883353781D-04 -0.6924478892087D-03  0.1029280627637D+06
  0.1124253616263D+06  0.2605874303477D+05  0.1269098164294D+06
  0.1421976971214D+06 -0.2457313430997D+05  0.1027654806611D+05
  0.3890384028325D+05  0.1252445522845D+06 -0.8743797889992D+05
 -0.1377665972645D+06 -0.2028308380938D+04 -0.3777742003407D+05
  0.5060049260710D+05  0.1173865696152D+05  0.3685072501647D+05
 -0.2358604114642D+05  0.1782492215817D+05 -0.3549684816476D+05
 -0.9163966573899D+05 -0.6176604265986D+05  0.8268974143675D+04
 -0.6552644775529D+04 -0.1630909330442D+05  0.4638694494794D+05
 -0.5044954531961D+05 -0.4010850553187D+05  0.5332230779058D+05
 -0.8127917804269D+05  0.1022254060125D-09  0.1501468476823D-10
  0.5142819685767D-08 -0.1066800797621D-07  0.5356550649321D-06
 -0.1546560673441D-04  0.3349982904210D-03 -0.6386153629324D+05
 -0.6394121851883D+05 -0.1212938506399D+05 -0.9979818260910D+05
 -0.1068204515263D+06  0.1179201613770D+05 -0.1107372170781D+05
 -0.3335789736087D+05 -0.9057030180405D+05  0.6689270868895D+05
  0.9799538670239D+05 -0.6102779395237D+02  0.3317501000782D+05
 -0.3965193355214D+05 -0.5489821484861D+04 -0.2723463575016D+05
  0.1021207178056D+05 -0.7800702040959D+04  0.2571720417882D+05
  0.5829978017789D+05  0.4587809546957D+05 -0.2930432591323D+04
  0.7904224513386D+04  0.1258427942683D+05 -0.3657287508458D+05
  0.3146459109816D+05  0.2442157487385D+05 -0.2659892211179D+05
  0.5579976358215D+05 -0.4495952471998D-10 -0.6494752734083D-11
 -0.2285447883451D-08  0.4725071032025D-08 -0.2405437063913D-06
  0.7024038574029D-05 -0.1538755740201D-03  0.3595852527605D+05
  0.2944478715203D+05  0.3462520167180D+04  0.7137474584939D+05
  0.7102409734071D+05 -0.2921459101241D+04  0.8959686346189D+04
  0.2590589783719D+05  0.5576926149561D+05 -0.4631920300666D+05
 -0.6007223727284D+05  0.1804274164708D+04 -0.2575750247671D+05
  0.2695210866723D+05  0.2057773474301D+04  0.1648989826850D+05
 -0.2918880193061D+04  0.2458237920189D+04 -0.1632695306736D+05
 -0.3169921849210D+05 -0.2857092167923D+05 -0.7721861628766D+02
 -0.6954111136074D+04 -0.7859937192050D+04  0.2399345950094D+05
 -0.1849206955712D+05 -0.1288493984557D+05  0.1138009874275D+05
 -0.3245060060381D+05  0.1823193529080D-10  0.2598681121498D-11
  0.9343946173039D-09 -0.1926726334342D-08  0.9915725090982D-07
 -0.2921333475553D-05  0.6456902674635D-04 -0.1835361628580D+05
 -0.9698884347974D+04  0.8988356570573D+02 -0.4484135903893D+05
 -0.4014036358621D+05 -0.1029830581866D+04 -0.5770510832282D+04
 -0.1751822315383D+05 -0.2829978531209D+05  0.2808097359215D+05
  0.3056638609822D+05 -0.2547463433114D+04  0.1719432010288D+05
 -0.1516631875102D+05 -0.4976132646745D+03 -0.7762157796697D+04
  0.1439287830701D+03 -0.6727845244617D+03  0.8846397052518D+04
  0.1425707938949D+05  0.1428564230102D+05  0.1030227251577D+04
  0.4526069611280D+04  0.4003186445923D+04 -0.1256692904355D+05
  0.9536608795666D+04  0.5546519447345D+04 -0.3973202326731D+04
  0.1521242019905D+05 -0.6460264380342D-11 -0.9109821458861D-12
 -0.3332223591082D-09  0.6856724061212D-09 -0.3559033720070D-07
  0.1055897131612D-05 -0.2350144848280D-04  0.8295855813441D+04
  0.1381433409195D+04 -0.6604398118560D+03  0.2343079525684D+05
  0.1819411728360D+05  0.1575312116770D+04  0.2907113987046D+04
  0.9813831803045D+04  0.1128427986822D+05 -0.1427432987182D+05
 -0.1225875119303D+05  0.2274447019039D+04 -0.9355972224413D+04
  0.6556497358215D+04  0.5823335671217D+00  0.2590480381967D+04
  0.3319009999673D+03  0.3494635833714D+03 -0.3825145912308D+04
 -0.5020997956325D+04 -0.5392065537717D+04 -0.7617595408499D+03
 -0.2110427581817D+04 -0.1585504558409D+04  0.4920964999865D+04
 -0.3885506337937D+04 -0.1793397997707D+04  0.1045503871644D+04
 -0.5368520013286D+04  0.1850637456134D-11  0.2587443100791D-12
  0.9593771564815D-10 -0.1970865331900D-09  0.1029875273267D-07
 -0.3072208247615D-06  0.6875396423462D-05 -0.3087693404978D+04
  0.5863643099482D+03  0.3372859532479D+03 -0.9379872176886D+04
 -0.6097692507444D+04 -0.8872249683820D+03 -0.1073603862309D+04
 -0.4234646028161D+04 -0.3289921659181D+04  0.5677240949580D+04
  0.3578006741568D+04 -0.1431031695962D+04  0.3798505659249D+04
 -0.1918075278982D+04  0.4993508190984D+02 -0.5171267649258D+03
 -0.1616017108178D+03 -0.1981067344955D+03  0.1145296330037D+04
  0.1235826883235D+04  0.1370861154141D+04  0.2751650721148D+03
  0.6388490414469D+03  0.4340798839389D+03 -0.1276460355798D+04
  0.1078589509861D+04  0.3777498917282D+03 -0.1802450981909D+03
  0.1264073140899D+04 -0.3758810348517D-12 -0.5219872304933D-13
 -0.1956267996687D-10  0.4013597751604D-10 -0.2108353175216D-08
  0.6316394520403D-07 -0.1419626863773D-05  0.8153693370717D+03
 -0.3944312016861D+03 -0.8380135577161D+02  0.2515501664426D+04
  0.1328004716589D+04  0.2817361012009D+03  0.2563250238012D+03
  0.1239303375959D+04  0.6210699192894D+03 -0.1553856499308D+04
 -0.6590797415777D+03  0.5901533442641D+03 -0.9881073045118D+03
  0.2840833026751D+03 -0.1324821503026D+02  0.4130878773672D+02
  0.2844588941260D+02  0.4863711645771D+02 -0.1723507889803D+03
 -0.1582444326993D+03 -0.1759779369766D+03 -0.4251768868659D+02
 -0.9467724574382D+02 -0.6114398038635D+02  0.1635385432683D+03
 -0.1500110215770D+03 -0.3742278896464D+02  0.1482413997609D+02
 -0.1483834953830D+03  0.4004657662171D-13  0.5531631959502D-14
  0.2090647039964D-11 -0.4284943781753D-11  0.2260167078343D-09
 -0.6793924430717D-08  0.1532069032914D-06 -0.1104879644625D+03
  0.7778693676859D+02  0.8821964741497D+01 -0.3348158466851D+03
 -0.1403835780016D+03 -0.4204071297656D+02 -0.2953727568744D+02
 -0.1820012494915D+03 -0.5717651047084D+02  0.2159061375683D+03
  0.5490777410188D+02 -0.1189313493783D+03  0.1168650866105D+03
           3          32          32
 -0.2356788229960D+01 -0.2131485823725D+01 -0.2028047431106D+01
 -0.1896249051945D+01 -0.1737737311262D+01 -0.1547836533560D+01
 -0.1341319345805D+01 -0.1102702886947D+01 -0.8765055918886D+00
 -0.6473529557041D+00 -0.4474962453115D+00 -0.2663488743589D+00
 -0.1287792722755D+00 -0.4895227551966D-01 -0.1393493566084D-01
 -0.2881428369462D-02 -0.4111506715029D-03 -0.4415841033605D-04
 -0.3630661410184D-05 -0.1836661787823D-06 -0.5436559996243D-08
 -0.9352737374278D-10 -0.7311860393808D-12 -0.2736491515947D-15
 -0.9124936514753D-18 -0.1760087339951D-20 -0.1898168046104D-23
 -0.5366847406960D-27 -0.1765584800589D-29  0.7593805128441D-28
  0.4970564188536D-03  0.3527765063728D-01
  0.1263254964141D-01  0.1470245431817D-01  0.1782785116781D-01
  0.2200298824799D-01  0.2715590831921D-01  0.3411304653094D-01
  0.4285255090507D-01  0.5383105016451D-01  0.6762215785552D-01
  0.8494644297413D-01  0.1067090788403D+00  0.1340471373288D+00
  0.1683889995240D+00  0.2115289869350D+00  0.2657211126631D+00
  0.3397470864182D+00  0.4343956021140D+00  0.5554117950659D+00
  0.7101413103565D+00  0.9079761811954D+00  0.1160924922399D+01
  0.1484341443488D+01  0.1897857026190D+01  0.2426571937112D+01
  0.3102579006070D+01  0.3966911650830D+01  0.5072034592737D+01
  0.6485028448905D+01  0.8291661504701D+01  0.1060159582186D+02
  0.1355504369134D+02  0.1733127847558D+02
  0.8867684130038D+01 -0.5143427521957D+01  0.5264599259726D+01
 -0.6579735718323D+01 -0.3916957763171D+01 -0.7978790396119D+01
 -0.1368789029528D+02  0.1408465345941D+02 -0.6932463111617D+01
 -0.3062145061219D+01  0.9868704236684D+01  0.1255360850238D+02
  0.1661544280426D+02 -0.2592565715190D+02  0.3504204839549D+02
 -0.1010950825840D+02  0.2551301015491D+03 -0.5322261143262D+03
 -0.5919186490012D+03 -0.5997405061218D+03  0.6168581322663D+03
 -0.6060390420157D+03 -0.5034940433960D+03  0.9150738968565D+03
 -0.9139506108186D+03 -0.8629380838670D+03  0.7543415440994D+03
  0.4556084298064D+03  0.1571194137405D+03  0.5562683501567D+03
 -0.1127694938904D+04 -0.1307653056102D+03
 -0.4935478074434D+02  0.2800268635247D+02 -0.2901566740474D+02
  0.3616209783457D+02  0.2189915718030D+02  0.4417200206319D+02
  0.7525073238385D+02 -0.7778895089010D+02  0.3927988426687D+02
  0.1527944325083D+02 -0.5318317526566D+02 -0.6889377839872D+02
 -0.9225238494955D+02  0.1451045602391D+03 -0.1985390217621D+03
  0.4245979228602D+02 -0.1369890960428D+04  0.2865313734830D+04
  0.3172085919898D+04  0.3192304196124D+04 -0.3256834497862D+04
  0.3168142155367D+04  0.2600370393885D+04 -0.4670702712084D+04
  0.4524696184288D+04  0.4095835352928D+04 -0.3376617116709D+04
 -0.1936065163767D+04 -0.4615487522686D+03 -0.2094908465722D+04
  0.6142117767545D+04  0.7309820383298D+03
  0.1621399795717D+03 -0.8902874298405D+02  0.9397287522572D+02
 -0.1166287316569D+03 -0.7242056195326D+02 -0.1440098965035D+03
 -0.2428056420566D+03  0.2527143068930D+03 -0.1323747418673D+03
 -0.4178106589020D+02  0.1663914437211D+03  0.2216494818251D+03
  0.3019560374482D+03 -0.4804894693571D+03  0.6688014522622D+03
 -0.7411749926174D+02  0.4263049067163D+04 -0.8954499409564D+04
 -0.9843442278353D+04 -0.9802923961050D+04  0.9875859747298D+04
 -0.9460190977826D+04 -0.7620014183487D+04  0.1344938969567D+05
 -0.1243300949186D+05 -0.1055132886821D+05  0.7956103155297D+04
  0.4174172069004D+04  0.6197164831181D+03  0.3868058894993D+04
 -0.1954037845884D+05 -0.2416655119949D+04
 -0.4140743786954D+03  0.2178379697812D+03 -0.2356903042104D+03
  0.2909178912249D+03  0.1865254555883D+03  0.3643017703480D+03
  0.6060208641142D+03 -0.6363786636338D+03  0.3488848296036D+03
  0.7951087377099D+02 -0.3979894010571D+03 -0.5508147359899D+03
 -0.7673501424902D+03  0.1238983953378D+04 -0.1760720510026D+04
 -0.1953728947465D+02 -0.1012814651389D+05  0.2140378620229D+05
  0.2330212334905D+05  0.2287309652997D+05 -0.2264495943774D+05
  0.2123387219771D+05  0.1666256402213D+05 -0.2875140965527D+05
  0.2494080665707D+05  0.1939960593151D+05 -0.1299073165448D+05
 -0.6003585578844D+04 -0.5368703369852D+03 -0.4737859419988D+04
  0.4785656678475D+05  0.6221145655629D+04
  0.8172861356089D+03 -0.4084708584900D+03  0.4556061080031D+03
 -0.5586986798898D+03 -0.3718496979151D+03 -0.7114366140300D+03
 -0.1164723781665D+04  0.1236075574047D+04 -0.7134155270755D+03
 -0.9508243097819D+02  0.7241225763030D+03  0.1052172801346D+04
  0.1505347611692D+04 -0.2471480122212D+04  0.3592800813113D+04
  0.5062464622839D+03  0.1828845214326D+05 -0.3896848381996D+05
 -0.4190618063043D+05 -0.4037816592900D+05  0.3908722584733D+05
 -0.3565519963785D+05 -0.2705045792114D+05  0.4546492507312D+05
 -0.3642511865406D+05 -0.2544637675941D+05  0.1478805262559D+05
  0.5871070079103D+04  0.3250408829351D+03  0.4005106812993D+04
 -0.8984838026284D+05 -0.1239233982925D+05
 -0.1435132476704D+04  0.6710492740461D+03 -0.7797288931392D+03
  0.9481086252464D+03  0.6612990012373D+03  0.1233572795557D+04
  0.1978561587485D+04 -0.2128533130183D+04  0.1307190007645D+04
  0.3243341299988D+02 -0.1137589392470D+04 -0.1770407850117D+04
 -0.2621478665826D+04  0.4393233412003D+04 -0.6557337196754D+04
 -0.1884194382857D+04 -0.2848401101244D+05  0.6145791683670D+05
  0.6496392776812D+05  0.6096977380618D+05 -0.5716126166845D+05
  0.5012940682117D+05  0.3624096047733D+05 -0.5902796896883D+05
  0.4247393000003D+05  0.2577056365156D+05 -0.1256233771666D+05
 -0.4151359214906D+04 -0.1442773990759D+03 -0.2465147817144D+04
  0.1478797359297D+06  0.2200900002759D+05
  0.2369650160320D+04 -0.1023206088426D+04  0.1251050570857D+04
 -0.1506044744132D+04 -0.1108273785969D+04 -0.2009806500154D+04
 -0.3146974708737D+04  0.3440141642417D+04 -0.2261256294731D+04
  0.1972815677108D+03  0.1627634583142D+04  0.2776655820625D+04
  0.4283045974647D+04 -0.7345235378018D+04  0.1127200240925D+05
  0.4910164499626D+04  0.4044922713821D+05 -0.8888969751022D+05
 -0.9186676851716D+05 -0.8324474250313D+05  0.7476133309205D+05
 -0.6217881800601D+05 -0.4212902831523D+05  0.6658326420322D+05
 -0.4200368558227D+05 -0.2163177611180D+05  0.8705916990336D+04
  0.2368657259755D+04  0.5619450386389D+02  0.1248971253133D+04
 -0.2260762851735D+06 -0.3680894051884D+05
 -0.3635636730313D+04  0.1428655780570D+04 -0.1860764148764D+04
  0.2214072299088D+04  0.1730042031508D+04  0.3042640324729D+04
  0.4634026814065D+04 -0.5160209077293D+04  0.3647412104518D+04
 -0.7294732014556D+03 -0.2068391680898D+04 -0.4004501155653D+04
 -0.6483153574620D+04  0.1140568453917D+05 -0.1800812067694D+05
 -0.1046487379613D+05 -0.5128229127308D+05  0.1158853979412D+06
  0.1162604979552D+06  0.1004704525156D+06 -0.8509987856251D+05
  0.6583379043580D+05  0.4084127865872D+05 -0.6345845488909D+05
  0.3431899683257D+05  0.1475265442712D+05 -0.4861007574293D+04
 -0.1084091764028D+04 -0.1950724489450D+02 -0.5170882865173D+03
  0.3168537715057D+06  0.5728231883000D+05
  0.5224868027310D+04 -0.1838487413698D+04  0.2589202839873D+04
 -0.3040221695390D+04 -0.2536664049578D+04 -0.4319297837619D+04
 -0.6376274896383D+04  0.7249852430314D+04 -0.5527236402448D+04
  0.1716977839460D+04  0.2296113038945D+04  0.5341588909474D+04
  0.9156382510584D+04 -0.1656471127386D+05  0.2690867499447D+05
  0.1935944533690D+05  0.5770292828271D+05 -0.1363572084137D+06
 -0.1315059364774D+06 -0.1064807038399D+06  0.8314363456791D+05
 -0.5815296778588D+05 -0.3194775586687D+05  0.5083885533254D+05
 -0.2317483938536D+05 -0.8237000072105D+04  0.2216852367346D+04
  0.4052965646727D+03  0.6155603797456D+01  0.1778060453053D+03
 -0.4100207272133D+06 -0.8361062902144D+05
 -0.7090772672340D+04  0.2194609110401D+04 -0.3403451964779D+04
  0.3937990329479D+04  0.3523605373968D+04  0.5804810436688D+04
  0.8280535885352D+04 -0.9632884223346D+04  0.7930046263956D+04
 -0.3305387807223D+04 -0.2120508471593D+04 -0.6621029714617D+04
 -0.1214771935944D+05  0.2265480755054D+05 -0.3784384733987D+05
 -0.3204667080772D+05 -0.5668898234690D+05  0.1446900615728D+06
  0.1323527172169D+06  0.9778146618208D+05 -0.6793761361539D+05
  0.4108053505034D+05  0.1895408818355D+05 -0.3427637426892D+05
  0.1304131961610D+05  0.3820845333179D+04 -0.8416431991237D+03
 -0.1265548283727D+03 -0.1769363928897D+01 -0.5181583700348D+02
  0.4935612828628D+06  0.1153896366779D+06
  0.9135084453491D+04 -0.2437602299656D+04  0.4257323475109D+04
 -0.4848852055152D+04 -0.4664335077501D+04 -0.7437473361400D+04
 -0.1022874051340D+05  0.1219207948972D+05 -0.1082768539653D+05
  0.5596930258122D+04  0.1349337257670D+04  0.7622606062030D+04
  0.1518826835451D+05 -0.2928500682235D+05  0.5025993450492D+05
  0.4826977508594D+05  0.4638791808768D+05 -0.1373957934572D+06
 -0.1169550294618D+06 -0.7552263661498D+05  0.4384187580744D+05
 -0.2095114935641D+05 -0.7083117482185D+04  0.1956851019125D+05
 -0.6194413982890D+04 -0.1498772577217D+04  0.2716165444487D+03
  0.3377960547359D+02  0.4604853258184D+00  0.1307102536820D+02
 -0.5553605661277D+06 -0.1513561420185D+06
 -0.1118997191231D+05  0.2515022028880D+04 -0.5088796498083D+04
  0.5702162926238D+04  0.5898894497917D+04  0.9118767854899D+04
  0.1207690420812D+05 -0.1475740028370D+05  0.1409797858174D+05
 -0.8601179831585D+04  0.1759107684724D+03 -0.8079934856148D+04
 -0.1787155025430D+05  0.3576766949867D+05 -0.6301009376936D+05
 -0.6669349927768D+05 -0.2700080401736D+05  0.1145491005633D+06
  0.8818252895493D+05  0.4585569883688D+05 -0.1894628644776D+05
  0.4771828722542D+04 -0.2642980421747D+03 -0.9555607894936D+04
  0.2521896477238D+04  0.5066855240627D+03 -0.7611296066942D+02
 -0.7887538142640D+01 -0.1082641722882D+00 -0.2915507175317D+01
  0.5849435188238D+06  0.1890082214415D+06
  0.1299381166251D+05 -0.2389505174610D+04  0.5812093686859D+04
 -0.6409064045613D+04 -0.7115158342084D+04 -0.1069222661974D+05
 -0.1364060117034D+05  0.1707769684664D+05 -0.1746823491214D+05
  0.1216298401140D+05 -0.2522841697030D+04  0.7703095527402D+04
  0.1963952968803D+05 -0.4104789309469D+05  0.7418457208854D+05
  0.8457664247621D+05  0.1431137769290D+04 -0.8050451646953D+05
 -0.5338907573324D+05 -0.1775215115991D+05  0.7660968712321D+03
  0.3955265075719D+04  0.2984779493361D+04  0.4038539520591D+04
 -0.8939961909080D+03 -0.1503634749359D+03  0.1889632217171D+02
  0.1646479076508D+01  0.2310296220449D-01  0.5866198005852D+00
 -0.5749477278796D+06 -0.2240635782611D+06
 -0.1414802747127D+05  0.2045870666278D+04 -0.6295370291931D+04
  0.6840285557320D+04  0.8110584151984D+04  0.1189296908789D+05
  0.1464449701354D+05 -0.1874807849975D+05  0.2040610981791D+05
 -0.1583285792568D+05  0.5559641972781D+04 -0.6235377589779D+04
 -0.1978609438886D+05  0.4362800648104D+05 -0.8091813916109D+05
 -0.9750503934652D+05  0.2453527294810D+05  0.4332803922029D+05
  0.2202778070734D+05 -0.1320773943107D+04  0.7747368194883D+04
 -0.6152508143271D+04 -0.2924048178004D+04 -0.1490369221150D+04
  0.2791859723098D+03  0.3970670750275D+02 -0.4219352973113D+01
 -0.3123301330678D+00 -0.4504599164160D-02 -0.1080691332375D+00
  0.5217847183097D+06  0.2494877903448D+06
  0.1393296138453D+05 -0.1489414859818D+04  0.6261765651477D+04
 -0.6720760634011D+04 -0.8447375383423D+04 -0.1214316178866D+05
 -0.1448915864516D+05  0.1890160323470D+05 -0.2172782324341D+05
  0.1845916529686D+05 -0.8650304996735D+04  0.3577053786069D+04
  0.1738991632481D+05 -0.4120122401119D+05  0.7859267529965D+05
  0.9850064902259D+05 -0.4243015087975D+05 -0.1250355625505D+05
 -0.1551848103717D+04  0.8940633303618D+04 -0.8446970614200D+04
  0.4808972567055D+04  0.1900842199860D+04  0.4741797225078D+03
 -0.7598981398573D+02 -0.9244749796456D+01  0.8405371743513D+00
  0.5346879196319D-01  0.7929818633444D-03  0.1807871365856D-01
 -0.4221650473946D+06 -0.2517768890638D+06
 -0.1327437731714D+05  0.8974144484756D+03 -0.6164870471731D+04
  0.6557923088177D+04  0.8677248741306D+04  0.1228229586822D+05
  0.1426085329966D+05 -0.1887888150197D+05  0.2279423906245D+05
 -0.2104229209806D+05  0.1214106241744D+05 -0.9536236086840D+02
 -0.1363627826607D+05  0.3640530300861D+05 -0.7205025502899D+05
 -0.9279526071328D+05  0.5071907159898D+05 -0.5680127395231D+04
 -0.6979759297143D+04 -0.8983071698914D+04  0.6013948087419D+04
 -0.2867397120219D+04 -0.1014862962951D+04 -0.1305392926054D+03
  0.1792664988492D+02  0.1869341150779D+01 -0.1457376039236D+00
 -0.7983983207378D-02 -0.1217628024070D-03 -0.2648149440185D-02
  0.3212164320593D+06  0.2469956063064D+06
  0.1311364487576D+05 -0.3744639066832D+03  0.6479433173462D+04
 -0.6872314474745D+04 -0.9433891298722D+04 -0.1323520971646D+05
 -0.1508845825979D+05  0.2012419072614D+05 -0.2523838476960D+05
  0.2502009253546D+05 -0.1684558054174D+05 -0.4209464778970D+04
  0.9426265540867D+04 -0.3168508362809D+05  0.6617969791468D+05
  0.8662311101458D+05 -0.5225929423622D+05  0.1245188785572D+05
  0.8045249566005D+04  0.6623909260469D+04 -0.3736552207527D+04
  0.1613559236227D+04  0.5413969901521D+03  0.3755553798449D+02
 -0.4487939869830D+01 -0.4073928668379D+00  0.2765982767443D-01
  0.1324877113555D-02  0.2071031541412D-04  0.4331030516553D-03
 -0.2516788609769D+06 -0.2522280946799D+06
 -0.1281878337415D+05 -0.1609468729576D+03 -0.6988350983024D+04
  0.7443330053655D+04  0.1043046043343D+05  0.1459675386371D+05
  0.1650705209581D+05 -0.2200969641249D+05  0.2833670816785D+05
 -0.2987645543852D+05  0.2273720809305D+05  0.9851159579402D+04
 -0.3618093243532D+04  0.2483172867282D+05 -0.5727860756958D+05
 -0.7623499685843D+05  0.4752368215658D+05 -0.1272115102857D+05
 -0.6199323754347D+04 -0.4140279738677D+04  0.2134238070152D+04
 -0.8825977485491D+03 -0.2927689792332D+03 -0.1114146732595D+02
  0.1177102925800D+01  0.9450310451910D-01 -0.5676793549661D-02
 -0.2414468897798D-03 -0.3855192978258D-05 -0.7807825938910D-04
  0.1960344302596D+06  0.2562400583292D+06
  0.1212369347913D+05  0.7296834567585D+03  0.7625419742795D+04
 -0.8217143230073D+04 -0.1157123105261D+05 -0.1623892412050D+05
 -0.1840230810652D+05  0.2435907938427D+05 -0.3182220457391D+05
  0.3536502656927D+05 -0.2974015574224D+05 -0.1696877353349D+05
 -0.4129839372169D+04 -0.1530117299134D+05  0.4490638473343D+05
  0.6222412314364D+05 -0.3905733966799D+05  0.1013091734254D+05
  0.3895524856477D+04  0.2326672882488D+04 -0.1167260603835D+04
  0.4832114412000D+03  0.1627856345166D+03  0.3439969682484D+01
 -0.3264222643463D+00 -0.2354563765074D-01  0.1271138223568D-02
  0.4874781124133D-04  0.7924493303769D-06  0.1563846619213D-04
 -0.1508786433586D+06 -0.2538929671351D+06
 -0.1089637188103D+05 -0.1341359224778D+04 -0.8343572949653D+04
  0.9157112665861D+04  0.1279473980676D+05  0.1806494701086D+05
  0.2068549733539D+05 -0.2705492698467D+05  0.3548294690424D+05
 -0.4116659515523D+05  0.3749911454480D+05  0.2521912073200D+05
  0.1333942820428D+05  0.4050586931721D+04 -0.3082612513690D+05
 -0.4715247242570D+05  0.2978041185445D+05 -0.7067520433375D+04
 -0.2123676127853D+04 -0.1217757283059D+04  0.6294394072511D+03
 -0.2691447420429D+03 -0.9319538540511D+02 -0.1117082284102D+01
  0.9666508020743D-01  0.6360283252287D-02 -0.3132787157596D-03
 -0.1099335406316D-04 -0.1814096008973D-06 -0.3506236653099D-05
  0.1149241070775D+06  0.2421031937789D+06
  0.9145633248362D+04  0.2003629412100D+04  0.9086124412443D+04
 -0.1020468403514D+05 -0.1404431337515D+05 -0.1995386538855D+05
 -0.2320258084014D+05  0.2993800446398D+05 -0.3906749781468D+05
  0.4676151236642D+05 -0.4517243500347D+05 -0.3348191569903D+05
 -0.2234255545098D+05  0.6513642385359D+04  0.1788140769685D+05
  0.3364732604918D+05 -0.2165459567430D+05  0.4600300173671D+04
  0.1029943689896D+04  0.6070009895447D+03 -0.3403880922412D+03
  0.1529527792637D+03  0.5451004056754D+02  0.3842133560654D+00
 -0.3075346800438D-01 -0.1872085421555D-02  0.8532450860366D-04
  0.2777654375708D-05  0.4640900257543D-07  0.8821959945796D-06
 -0.8684304470756D+05 -0.2199453231832D+06
 -0.7033798935448D+04 -0.2715926738521D+04 -0.9773727407250D+04
  0.1125813433946D+05  0.1524484930062D+05  0.2172819396026D+05
  0.2568016821114D+05 -0.3272746890002D+05  0.4218688932347D+05
 -0.5129676731849D+05  0.5125312872102D+05  0.3972356145520D+05
  0.2864786959882D+05 -0.1379945608401D+05 -0.8254531966067D+04
 -0.2310132325400D+05  0.1537061193502D+05 -0.2923659912428D+04
 -0.4436709544667D+03 -0.2906533548788D+03  0.1853341585757D+03
 -0.8806988271933D+02 -0.3219164579882D+02 -0.1402018307372D+00
  0.1051551428217D-01  0.5999005567195D-03 -0.2562663431814D-04
 -0.7836482786924D-06 -0.1322738643096D-07 -0.2481427094282D-06
  0.6504494630254D+05  0.1888784658534D+06
  0.4833866954465D+04  0.3449997178195D+04  0.1029860741298D+05
 -0.1216346606685D+05 -0.1626860752313D+05 -0.2312763276180D+05
 -0.2769810848082D+05  0.3493452384603D+05 -0.4417644294058D+05
  0.5348587391156D+05 -0.5368050594094D+05 -0.4170983992369D+05
 -0.3037717624429D+05  0.1660361995957D+05  0.2503376588631D+04
  0.1556806851994D+05 -0.1078016897660D+05  0.1865188024258D+04
  0.1609132105097D+03  0.1322703653087D+03 -0.1008510483595D+03
  0.5075131922650D+02  0.1895071054672D+02  0.5405007790445D-01
 -0.3842450969685D-02 -0.2077944374882D-03  0.8414983396504D-05
  0.2444036133571D-06  0.4159754014067D-08  0.7722472840895D-07
 -0.4797853778685D+05 -0.1523251261122D+06
 -0.2826670812101D+04 -0.4128248235770D+04 -0.1052737863096D+05
  0.1272068762501D+05  0.1690084357415D+05  0.2379748339734D+05
  0.2869948865086D+05 -0.3580398409974D+05  0.4400672695104D+05
 -0.5178717575120D+05  0.5076640340931D+05  0.3846982425090D+05
  0.2749217874038D+05 -0.1554064513919D+05  0.1400487397351D+03
 -0.1038283580075D+05  0.7447876147834D+04 -0.1199008437270D+04
 -0.3722625524020D+02 -0.5486919968362D+02  0.5401723267186D+02
 -0.2884245323368D+02 -0.1097372664805D+02 -0.2178969567860D-01
  0.1482903241899D-02  0.7677406796232D-04 -0.2976652534993D-05
 -0.8290139799354D-07 -0.1420487586389D-08 -0.2615455963023D-07
  0.3442537854352D+05  0.1146420299230D+06
  0.1200584598492D+04  0.4620039994890D+04  0.1031535383733D+05
 -0.1270697963105D+05 -0.1683753723508D+05 -0.2331311850335D+05
 -0.2805278940692D+05  0.3438640922753D+05 -0.4051471606981D+05
  0.4529913504089D+05 -0.4256090452904D+05 -0.3108003015469D+05
 -0.2161872688796D+05  0.1225327456108D+05 -0.9062766665701D+03
  0.6789929871966D+04 -0.4986310657090D+04  0.7625427997996D+03
 -0.9637096629174D+01  0.1858716199907D+02 -0.2792741123270D+02
  0.1590512107907D+02  0.6160123036810D+01  0.9037619487253D-02
 -0.5937842377300D-03 -0.2967967956796D-04  0.1110993177523D-05
  0.2991229065616D-07  0.5153058672803D-09  0.9426758998539D-08
 -0.2361393306124D+05 -0.7991866289096D+05
 -0.3100493066632D+02 -0.4771128249661D+04 -0.9536404493938D+04
  0.1191944626413D+05  0.1575096952294D+05  0.2127290846375D+05
  0.2521005791033D+05 -0.2992393036217D+05  0.3329719576632D+05
 -0.3488383982058D+05  0.3120337420950D+05  0.2195623564851D+05
  0.1489670936896D+05 -0.8382146131745D+04  0.8296072021660D+03
 -0.4249751806435D+04  0.3155993274012D+04 -0.4654176853123D+03
  0.2147405142521D+02 -0.3223247424116D+01  0.1363449244202D+02
 -0.8354072566681D+01 -0.3293889296657D+01 -0.3770695121762D-02
  0.2408605878023D-03  0.1170508791331D-04 -0.4260000579796D-06
 -0.1116329762149D-07 -0.1931406133180D-09 -0.3515335668234D-08
  0.1515591004653D+05  0.5106428769166D+05
 -0.6701572611168D+03  0.4462433106174D+04  0.8134791355267D+04
 -0.1024929876668D+05 -0.1343714039742D+05 -0.1750295054531D+05
 -0.2006222514550D+05  0.2266703071796D+05 -0.2361230629569D+05
  0.2312407907982D+05 -0.1975049944078D+05 -0.1347841077981D+05
 -0.8975502147503D+04  0.5004610750163D+04 -0.5266909277955D+03
  0.2463258688327D+04 -0.1833578762078D+04  0.2634019459525D+03
 -0.1886081788201D+02 -0.1818229069494D+01 -0.6130322494602D+01
  0.4083989349925D+01  0.1639809332281D+01  0.1536259522529D-02
 -0.9596031972363D-04 -0.4560238086079D-05  0.1622969992473D-06
  0.4162498450351D-08  0.7226273024315D-10  0.1310040414871D-08
 -0.8869941843828D+04 -0.2942732975706D+05
  0.9279861283177D+03 -0.3678982383571D+04 -0.6197782469075D+04
  0.7794195295313D+04  0.1002254580466D+05  0.1238093087548D+05
  0.1347151701192D+05 -0.1433206462217D+05  0.1398666545536D+05
 -0.1288681780754D+05  0.1059487024323D+05  0.7073879849173D+04
  0.4655797203954D+04 -0.2575655840687D+04  0.2637675425107D+03
 -0.1271815782316D+04  0.9442232665355D+03 -0.1330817230313D+03
  0.1208446760978D+02  0.2349808391394D+01  0.2459563166113D+01
 -0.1801026483823D+01 -0.7364658521432D+00 -0.5878351452411D-03
  0.3607496542176D-04  0.1684326915547D-05 -0.5889429538125D-07
 -0.1485042634198D-08 -0.2585033876933D-10 -0.4671891863722D-09
  0.4582936088936D+04  0.1491216885655D+05
 -0.8301388218213D+03  0.2563107399745D+04  0.4014132036653D+04
 -0.4959850302111D+04 -0.6139590410369D+04 -0.7065683474909D+04
 -0.7215208976024D+04  0.7226971515951D+04 -0.6662104320263D+04
  0.5837049516439D+04 -0.4662576645909D+04 -0.3071252608335D+04
 -0.2010343849939D+04  0.1105870517275D+04 -0.1052860880861D+03
  0.5571031672735D+03 -0.4116074613458D+03  0.5724333711898D+02
 -0.6005719303500D+01 -0.1481954299341D+01 -0.8422145137074D+00
  0.6847355138345D+00  0.2850423264891D+00  0.2003468033065D-03
 -0.1212539266616D-04 -0.5583147414963D-06  0.1925249652154D-07
  0.4790167892097D-09  0.8355935688141D-11  0.1506521631957D-09
 -0.1999552351456D+04 -0.6383218570948D+04
  0.5360693512034D+03 -0.1407181187259D+04 -0.2039942396914D+04
  0.2417199732654D+04  0.2824705080482D+04  0.2997075713272D+04
  0.2869659310279D+04 -0.2730134519876D+04  0.2406029110754D+04
 -0.2026902434220D+04  0.1585813898537D+04  0.1037523340069D+04
  0.6789147300773D+03 -0.3722714150296D+03  0.3200553819148D+02
 -0.1928918416517D+03  0.1417329518801D+03 -0.1955334844036D+02
  0.2238567081469D+01  0.6260499345110D+00  0.2296531692143D+00
 -0.2090963280548D+00 -0.8853796460637D-01 -0.5626886167617D-04
  0.3368612665181D-05  0.1534273984149D-06 -0.5233321054357D-08
 -0.1288530231592D-09 -0.2251423581151D-11 -0.4051576129983D-10
  0.6878737045724D+03  0.2160720918016D+04
 -0.2332125740756D+03  0.5347846397123D+03  0.7037759892075D+03
 -0.7794590886112D+03 -0.8517084005940D+03 -0.8329922814495D+03
 -0.7530596562296D+03  0.6901013256756D+03 -0.5888185764971D+03
  0.4811554667814D+03 -0.3706982152770D+03 -0.2420642289812D+03
 -0.1590695036050D+03  0.8718340203921D+02 -0.6602321873975D+01
  0.4666299238189D+02 -0.3410222112986D+02  0.4695323945517D+01
 -0.5603279197126D+00 -0.1702018843007D+00 -0.4407993420489D-01
  0.4522633521854D-01  0.1945629262031D-01  0.1141427903124D-04
 -0.6775398770229D-06 -0.3059770212138D-07  0.1034816365287D-08
  0.2527130035642D-10  0.4421313569149D-12  0.7944859624617D-11
 -0.1650387036692D+03 -0.5126319006736D+03
  0.5224060417086D+02 -0.1027777020317D+03 -0.1195749468117D+03
  0.1219633868180D+03  0.1252793386144D+03  0.1136408599931D+03
  0.9796502896031D+02 -0.8792531173153D+02  0.7349288763934D+02
 -0.5852934074819D+02  0.4446793483185D+02  0.2907126932165D+02
  0.1928045413109D+02 -0.1060113266125D+02  0.6858894285599D+00
 -0.5882695066704D+01  0.4278079059643D+01 -0.5928377078951D+00
  0.7007120107475D-01  0.2279949145406D-01  0.4451882528809D-02
 -0.5149932249342D-02 -0.2247272051757D-02 -0.1235985431636D-05
  0.7288141019616D-07  0.3269537899146D-08 -0.1098435520732D-09
 -0.2665433170074D-11 -0.4667981211827D-13 -0.8378639305499D-12
  0.2058837799388D+02  0.6372609023514D+02
