AR1E           3   0.00000
            1          33          33
 -0.6482627437339D+00 -0.1978685741397D-01 -0.9304411946390D-12
 -0.8616933693694D-26 -0.1304259121486D-28  0.1301440037053D-26
  0.3559174690849D-24  0.4150435275916D-23  0.2331941069022D-21
  0.2026146089275D-19  0.1654047910775D-16  0.5297388776641D-11
  0.1140728638875D-08  0.9316670614516D-07  0.4343702305066D-05
  0.1237894529370D-03  0.2388034297331D-02  0.3128744457926D-01
  0.2238684256852D+00  0.9922019257659D+00  0.2992324657721D+01
  0.6741422053374D+01  0.1205367593889D+02  0.1765904062867D+02
  0.2353240462683D+02  0.2943684531033D+02  0.3487534845563D+02
  0.3976312375720D+02  0.4387693638934D+02  0.4691265016908D+02
  0.4966405016894D+02  0.5135172492851D+02  0.5207781918417D+02
  0.9514952302354D-02  0.1209842153333D-01  0.1538334601656D-01
  0.2022108335909D-01  0.2658018689660D-01  0.3493909415790D-01
  0.4592670116744D-01  0.6036967846365D-01  0.7935466700551D-01
  0.1043100333779D+00  0.1371133352817D+00  0.1802325826507D+00
  0.2369119224050D+00  0.3114157171369D+00  0.4093493813879D+00
  0.5380811141559D+00  0.7072962573671D+00  0.9297259883770D+00
  0.1222105170867D+01  0.1606431429617D+01  0.2111620177690D+01
  0.2775680114705D+01  0.3648572873365D+01  0.4795971964396D+01
  0.6304203830265D+01  0.8286742755915D+01  0.1089274829171D+02
  0.1431828751555D+02  0.1882108645931D+02  0.2473992054737D+02
  0.3252010291825D+02  0.4274698828513D+02  0.5619001305262D+02
  0.4452801206900D+02  0.2402570979799D+03 -0.3402412216824D+03
  0.1298619419129D+03  0.1696038456230D+02  0.1023077074841D+03
  0.2784485591737D+03 -0.3811480593709D+03 -0.6048386253009D+03
 -0.3934815739797D+03 -0.3559980269871D+03  0.2041911705100D+03
  0.2461083689623D+03 -0.2166483034481D+03  0.1831414390363D+03
 -0.1458092299464D+03  0.9113461068162D+02  0.7363017917850D+01
  0.1756374734959D+02  0.1148383514501D+02 -0.6456133824291D+01
  0.4280699472704D+01  0.2842043620793D+01 -0.1419701278211D+00
 -0.3435894292619D+01  0.5112954312124D+01 -0.3186589287987D+01
 -0.1187366175158D+01 -0.1564517460255D+01  0.2123848392306D+01
  0.5515787114917D+00  0.1437815521936D+00 -0.1114132920979D+01
 -0.3324270081294D+03 -0.1782159914456D+04  0.2429731218393D+04
 -0.5121883693564D+03 -0.2646199458168D+02 -0.3078720235590D+03
 -0.1360973523889D+04  0.2133250738325D+04  0.3850159025037D+04
  0.2684318432626D+04  0.2495520274947D+04 -0.1477833596220D+04
 -0.1790682207936D+04  0.1586493463041D+04 -0.1347326401629D+04
  0.1075934101015D+04 -0.6732860526202D+03 -0.5310973912163D+02
 -0.1311582459073D+03 -0.8555612904799D+02  0.4800635085571D+02
 -0.3175275439359D+02 -0.2099284374185D+02  0.8879292038612D+00
  0.2565513090840D+02 -0.3805945408155D+02  0.2372469861347D+02
  0.8883276084391D+01  0.1166495874458D+02 -0.1579272844201D+02
 -0.4119583429224D+01 -0.1086614815441D+01  0.8270145742874D+01
  0.1123043502857D+04  0.5971840022127D+04 -0.7755133646639D+04
  0.6962647775639D+03  0.9368428173802D+01  0.2848040680216D+03
  0.2654371598278D+04 -0.4990746085168D+04 -0.1065174988242D+05
 -0.8081761855894D+04 -0.7777918961336D+04  0.4798228753087D+04
  0.5854123167957D+04 -0.5229474228294D+04  0.4467406464263D+04
 -0.3581359908060D+04  0.2244494229584D+04  0.1715300848454D+03
  0.4432375746575D+03  0.2882799279643D+03 -0.1613614009979D+03
  0.1063976877681D+03  0.6996422783344D+02 -0.2267391560518D+01
 -0.8668993298688D+02  0.1281026391002D+03 -0.7987353382172D+02
 -0.3009131153890D+02 -0.3934416254785D+02  0.5308505196319D+02
  0.1392476478013D+02  0.3727167463167D+01 -0.2773723251402D+02
 -0.2888941698212D+04 -0.1517979930798D+05  0.1833762846910D+05
 -0.2745071825220D+03  0.6314282150433D+00 -0.2515277071220D+01
 -0.2915200357009D+04  0.7408108758776D+04  0.2052428889101D+05
  0.1752760484772D+05  0.1775241985781D+05 -0.1163627251518D+05
 -0.1434540798350D+05  0.1297266010137D+05 -0.1117971070581D+05
  0.9013884141384D+04 -0.5661749968895D+04 -0.4118628163736D+03
 -0.1140705758522D+04 -0.7387454441967D+03  0.4120244462777D+03
 -0.2704344897738D+03 -0.1764017470829D+03  0.3092644348704D+01
  0.2230776817484D+03 -0.3277665758818D+03  0.2044402004099D+03
  0.7771124598326D+02  0.1009731500327D+03 -0.1355581990547D+03
 -0.3584913115935D+02 -0.9798324922450D+01  0.7059797078460D+02
  0.6247241916307D+04  0.3231873988944D+05 -0.3546340361760D+05
 -0.3130360014897D+03 -0.6397362010002D+01 -0.1655234541931D+03
  0.1731640515325D+04 -0.7510731015899D+04 -0.3061400377987D+05
 -0.3023790490540D+05 -0.3275545645185D+05  0.2326708111096D+05
  0.2909303203348D+05 -0.2674160249250D+05  0.2331517301762D+05
 -0.1894159545611D+05  0.1193243002238D+05  0.8091255205935D+03
  0.2468068754299D+04  0.1589585416939D+04 -0.8824292601485D+03
  0.5756933299419D+03  0.3714847457341D+03  0.9646978056605D+00
 -0.4826232579048D+03  0.7038753010193D+03 -0.4392409546114D+03
 -0.1689016020189D+03 -0.2176977164216D+03  0.2903618613861D+03
  0.7760548352072D+02  0.2177658630544D+02 -0.1505668181767D+03
 -0.1162968317482D+05 -0.5895816660068D+05  0.5691923739817D+05
  0.4383559171657D+03  0.1614638498664D+02  0.1045293020467D+03
  0.1575853848149D+02  0.4492505111342D+04  0.3544806719557D+05
  0.4174608799606D+05  0.4939256368453D+05 -0.3902330995330D+05
 -0.4975143422898D+05  0.4673651128755D+05 -0.4138309644366D+05
  0.3396038795105D+05 -0.2147625911416D+05 -0.1313184665977D+04
 -0.4597346351280D+04 -0.2940122273910D+04  0.1622246496969D+04
 -0.1049936832290D+04 -0.6677230144320D+03 -0.2008537635199D+02
  0.8990286868666D+03 -0.1298666792770D+04  0.8109117505555D+03
  0.3164796214220D+03  0.4037218634137D+03 -0.5339259138596D+03
 -0.1446745211694D+03 -0.4194471519587D+02  0.2752949341327D+03
  0.1932277707625D+05  0.9542525556442D+05 -0.7765736049023D+05
 -0.1252464750734D+03 -0.1156648388679D+02  0.1078726490083D+02
 -0.9268990435391D+03 -0.3866156346221D+03 -0.3227536912596D+05
 -0.4676636849882D+05 -0.6205265906839D+05  0.5641017773202D+05
  0.7387834421666D+05 -0.7145263223334D+05  0.6458541195752D+05
 -0.5371435516433D+05  0.3414065754949D+05  0.1778075824604D+04
  0.7643674698414D+04  0.4844629263743D+04 -0.2652055848989D+04
  0.1698469556196D+04  0.1059059241423D+04  0.7209745906934D+02
 -0.1495144232316D+04  0.2133325259008D+04 -0.1333164425133D+04
 -0.5302376177458D+03 -0.6675973850570D+03  0.8732440966590D+03
  0.2408379754066D+03  0.7267035379253D+02 -0.4468848199048D+03
 -0.2949293427658D+05 -0.1408137966868D+06  0.9122048613964D+05
 -0.1516419835658D+03 -0.2861331898207D+01 -0.5054021332807D+02
  0.7936509333959D+03 -0.2154926129400D+04  0.2326151249397D+05
  0.4264861198735D+05  0.6544685151388D+05 -0.7145824846467D+05
 -0.9717087976896D+05  0.9772703494835D+05 -0.9079974270423D+05
  0.7687142514507D+05 -0.4918338658739D+05 -0.1948574797481D+04
 -0.1167438990807D+05 -0.7316219373373D+04  0.3964432256292D+04
 -0.2503913206215D+04 -0.1519590721815D+04 -0.1846839772701D+03
  0.2285181325994D+04 -0.3209732636185D+04  0.2007946488132D+04
  0.8179352140702D+03  0.1013003826425D+04 -0.1306385290646D+04
 -0.3685467614193D+03 -0.1166655412515D+03  0.6619719987689D+03
  0.4227022401741D+05  0.1932749245285D+06 -0.9237037704467D+05
  0.1935342503671D+03  0.9678577129446D+01  0.3525702798547D+02
 -0.3319976008470D+03  0.2448114202619D+04 -0.1333337283118D+05
 -0.3158118480113D+05 -0.5780166208802D+05  0.7974482904072D+05
  0.1143361798660D+06 -0.1211973759416D+06  0.1168325059216D+06
 -0.1012834220707D+06  0.6536287122491D+05  0.1453731003413D+04
  0.1674013940092D+05  0.1034468656375D+05 -0.5532519663144D+04
  0.3430624264683D+04  0.2004954773699D+04  0.3983103133317D+03
 -0.3281689320806D+04  0.4518715020834D+04 -0.2830680314245D+04
 -0.1188025436023D+04 -0.1441606515841D+04  0.1825620109426D+04
  0.5300584722496D+03  0.1775079677653D+03 -0.9131080162301D+03
 -0.5783726531107D+05 -0.2502954159291D+06  0.7995304310188D+05
 -0.1172824412137D+03 -0.7473487456937D+01 -0.1454688119393D+02
  0.5070569284777D+02 -0.1594508784022D+04  0.6120033700500D+04
  0.1896382865152D+05  0.4245573714209D+05 -0.7795776485466D+05
 -0.1204459502655D+06  0.1370234464008D+06 -0.1387753300487D+06
  0.1241734499144D+06 -0.8103093318746D+05  0.1998530989416D+03
 -0.2290585248507D+05 -0.1391384235438D+05  0.7317851738088D+04
 -0.4428175079290D+04 -0.2452496515238D+04 -0.7704717889008D+03
  0.4503374652756D+04 -0.6048679278999D+04  0.3795795362697D+04
  0.1652799428729D+04  0.1956163474997D+04 -0.2420590234395D+04
 -0.7287166556403D+03 -0.2602868147378D+03  0.1190064073924D+04
  0.7649477953562D+05  0.3088316602829D+06 -0.5830009167794D+05
  0.4796687866375D+02  0.3463452665962D+01  0.4219602332390D+01
  0.2474144187071D+02  0.7396144335301D+03 -0.2274377851191D+04
 -0.9273493857712D+04 -0.2582237235967D+05  0.6573684537202D+05
  0.1127000758065D+06 -0.1409118296803D+06  0.1524711552487D+06
 -0.1423193712554D+06  0.9419607958388D+05 -0.3631714790343D+04
  0.3026832628852D+05  0.1801030407343D+05 -0.9272951873174D+04
  0.5430946360742D+04  0.2778187399996D+04  0.1381647323008D+04
 -0.5981928585421D+04  0.7791755508824D+04 -0.4900776446454D+04
 -0.2231339560067D+04 -0.2563015215994D+04  0.3080302826615D+04
  0.9700782606464D+03  0.3723086460278D+03 -0.1480400697371D+04
 -0.9869158261091D+05 -0.3652996066854D+06  0.3517921207873D+05
 -0.1479456428621D+02 -0.1144573723060D+01 -0.9223320974475D+00
 -0.2082521334036D+02 -0.2644516357178D+03  0.6952531507465D+03
  0.3734540698743D+04  0.1303892883539D+05 -0.4679846196797D+05
 -0.9221519197777D+05  0.1305293889991D+06 -0.1542337597182D+06
  0.1523177222808D+06 -0.1025936113918D+06  0.9571973998462D+04
 -0.3895203652335D+05 -0.2261980045184D+05  0.1133683077250D+05
 -0.6352803515398D+04 -0.2869718039471D+04 -0.2343069040668D+04
  0.7767544382604D+04 -0.9747005766066D+04  0.6148478923439D+04
  0.2952166784085D+04  0.3273802230361D+04 -0.3793776654101D+04
 -0.1262836881774D+04 -0.5238374902082D+03  0.1769222314117D+04
  0.1250087642191D+06  0.4155108205734D+06 -0.1712046922505D+05
  0.3670654504212D+01  0.2936614539710D+00  0.1571926416905D+00
  0.8539205144318D+01  0.7659762863418D+02 -0.1784850074049D+03
 -0.1260833973313D+04 -0.5525071635759D+04  0.2746652944362D+05
  0.6465010761607D+05 -0.1071050450237D+06  0.1419929026523D+06
 -0.1511006453872D+06  0.1038588636236D+06 -0.1879298629339D+05
  0.4907317045399D+05  0.2770759925839D+05 -0.1342232080423D+05
  0.7076784605793D+04  0.2576196093580D+04  0.3805883173489D+04
 -0.9933362052179D+04  0.1192151224474D+05 -0.7548245048044D+04
 -0.3855599591037D+04 -0.4106559155132D+04  0.4549749467110D+04
  0.1619574677664D+04  0.7288138247334D+03 -0.2038396940965D+04
 -0.1560762944146D+06 -0.4547104526736D+06  0.6304899215249D+04
 -0.7704661554682D+00 -0.6214648761397D-01 -0.2095040305989D-01
 -0.2540940085197D+01 -0.1873524568432D+02  0.3947495313832D+02
  0.3654453328667D+03  0.2000926790681D+04 -0.1287461581375D+05
 -0.3797167171343D+05  0.7622389990744D+05 -0.1168012634650D+06
  0.1369005421363D+06 -0.9595143164671D+05  0.3193211795562D+05
 -0.6065427311010D+05 -0.3317707279657D+05  0.1539361677933D+05
 -0.7440093454282D+04 -0.1695843512464D+04 -0.5970204307816D+04
  0.1257873853911D+05 -0.1433050635842D+05  0.9116568374250D+04
  0.4995600640228D+04  0.5086286819487D+04 -0.5336124803417D+04
 -0.2057312927156D+04 -0.1005379695320D+04  0.2265772001556D+04
  0.1923810655669D+06  0.4779253731165D+06 -0.1296118744192D+04
  0.1432180569625D+00  0.1142788066965D-01  0.2023099171488D-02
  0.6188490122653D+00  0.4027503974207D+01 -0.7750384674964D+01
 -0.9359323736366D+02 -0.6347751415532D+03  0.4453000264394D+04
  0.1814143605735D+05 -0.4600091711523D+05  0.8387299176768D+05
 -0.1106698239111D+06  0.7798631834365D+05 -0.4913075276977D+05
  0.7346221672148D+05  0.3879644475913D+05 -0.1703131920063D+05
  0.7215063125916D+04 -0.3553654947178D+02  0.9090783656339D+04
 -0.1583028151236D+05  0.1699765881954D+05 -0.1087801132904D+05
 -0.6440356529949D+04 -0.6244846505700D+04  0.6140017615235D+04
  0.2597664524111D+04  0.1375833430252D+04 -0.2425187690885D+04
 -0.2339094431517D+06 -0.4808370668171D+06 -0.4165556351601D+03
 -0.2464267302724D-01 -0.1917543502527D-02 -0.6891674837536D-04
 -0.1325161344069D+00 -0.7923348774747D+00  0.1397275747413D+01
  0.2188737469358D+02  0.1816956372669D+03 -0.7307897595650D+03
 -0.6582381645560D+04  0.2290446194822D+05 -0.5123002127766D+05
  0.7726461975114D+05 -0.5146698181444D+05  0.6943411698117D+05
 -0.8674080283905D+05 -0.4408195244712D+05  0.1798208025491D+05
 -0.6087790609774D+04  0.2950427853717D+04 -0.1347348941338D+05
  0.1983824046907D+05 -0.1995653095754D+05  0.1286696952628D+05
  0.8270108139284D+04  0.7619665755753D+04 -0.6949470925905D+04
 -0.3266161392678D+04 -0.1865367608409D+04  0.2488431916833D+04
  0.2795806360082D+06  0.4612387475030D+06  0.7272683715261D+03
  0.4098320047489D-02  0.3077971096299D-03 -0.2998939200090D-04
  0.2638943201976D-01  0.1486151061556D+00 -0.2398985882027D+00
 -0.4842813525313D+01 -0.4849441492912D+02 -0.4509632643086D+03
  0.1304413023655D+04 -0.8883078137949D+04  0.2572007684142D+05
 -0.4443684511114D+05  0.2129590774257D+05 -0.9005181788739D+05
  0.9884457472598D+05  0.4813491038877D+05 -0.1769354017466D+05
  0.3638705613213D+04 -0.7442097418635D+04  0.1945405731790D+05
 -0.2476447798321D+05  0.2325397824384D+05 -0.1513067474549D+05
 -0.1057004303308D+05 -0.9250407515292D+04  0.7758066878445D+04
  0.4090104818067D+04  0.2498702424727D+04 -0.2430565282520D+04
 -0.3265253765979D+06 -0.4206310977131D+06 -0.6066187467245D+03
 -0.6865841696605D-03 -0.4943508677842D-04  0.1134634732384D-04
 -0.5131185064407D-02 -0.2766775383280D-01  0.4071802317285D-01
  0.1051306865083D+01  0.1248975467397D+02  0.6113341457588D+03
  0.4870958456753D+03  0.2117749550707D+04 -0.9817344341033D+04
  0.1904205940926D+05  0.5314063034783D+04  0.1060803755261D+06
 -0.1069245129945D+06 -0.4947328125951D+05  0.1534963888276D+05
  0.6649887495787D+03  0.1393341384929D+05 -0.2734951091337D+05
  0.3075774976340D+05 -0.2695557275254D+05  0.1773325860103D+05
  0.1341599728725D+05  0.1117267325527D+05 -0.8573294269872D+04
 -0.5094248217648D+04 -0.3293796881955D+04  0.2239780838114D+04
  0.3695181693404D+06  0.3647808318287D+06  0.4232143506472D+03
  0.1202990738502D-03  0.8275703898806D-05 -0.3006038716017D-05
  0.1016550507392D-02  0.5307816024670D-02 -0.7082708778895D-02
 -0.2318427096408D+00 -0.3209463477146D+01 -0.4838897687774D+03
 -0.8046067517236D+03  0.3783991724903D+03  0.1949495858088D+04
 -0.3669570194299D+04 -0.2257456718144D+05 -0.1121860017324D+06
  0.1072054956664D+06  0.4602686649817D+05 -0.9863531385782D+04
 -0.7441541191612D+04 -0.2280979819808D+05  0.3737591539457D+05
 -0.3791361477032D+05  0.3115087770267D+05 -0.2075909568621D+05
 -0.1685224717492D+05 -0.1340832331635D+05  0.9427814038923D+04
  0.6294042174409D+04  0.4252673976069D+04 -0.1931287707402D+04
 -0.4012157755255D+06 -0.3022081013744D+06 -0.2764150963795D+03
 -0.2275296969656D-04 -0.1494721269184D-05  0.7454225367574D-06
 -0.2126198726910D-03 -0.1083691621002D-02  0.1303824137896D-02
  0.5355689296684D-01  0.8479240519488D+00  0.3298061006340D+03
  0.6667783868663D+03 -0.9373443522112D+03  0.9836744258526D+03
 -0.3283290418635D+04  0.2923657993656D+05  0.1060948564523D+06
 -0.9693412518856D+05 -0.3574815855454D+05  0.8784180670111D+02
  0.1727375172145D+05  0.3429794493555D+05 -0.4953232612686D+05
  0.4621933852405D+05 -0.3595114119273D+05  0.2430989503952D+05
  0.2086393892721D+05  0.1595306930547D+05 -0.1038894197249D+05
 -0.7687065590756D+04 -0.5351261077268D+04  0.1561035596877D+04
  0.4138262704160D+06  0.2411821312239D+06  0.1758160838815D+03
  0.4756338043929D-05  0.2989330098250D-06 -0.1894995085144D-06
  0.4823413987316D-04  0.2413829904106D-03 -0.2606542889896D-03
 -0.1327716728759D-01 -0.2359732294815D+00 -0.2123913159625D+03
 -0.4626705616721D+03  0.8330968740243D+03 -0.1586773383998D+04
  0.5119914890606D+04 -0.2810695411057D+05 -0.9042003343312D+05
  0.7721143749991D+05  0.1849316891552D+05  0.1442699127161D+05
 -0.3036594894105D+05 -0.4824889077136D+05  0.6344984213769D+05
 -0.5548374779377D+05  0.4146253102545D+05 -0.2848327738057D+05
 -0.2534953829530D+05 -0.1876261997845D+05  0.1155627494645D+05
  0.9243975185841D+04  0.6532288757773D+04 -0.1230359034058D+04
 -0.4019432710798D+06 -0.1871804067879D+06 -0.1103891776195D+03
 -0.1114580534289D-05 -0.6725581360082D-07  0.5148940609077D-07
 -0.1207304477831D-04 -0.5958001192609D-04  0.5759781708128D-04
  0.3589008142918D-02  0.7033784985209D-01  0.1335154154604D+03
  0.2991859487419D+03 -0.5961396641262D+03  0.1368807722010D+04
 -0.4673270380224D+04  0.2321955315615D+05  0.7069093558443D+05
 -0.5333652227175D+05  0.2132008005515D+04 -0.3187993845439D+05
  0.4578883948070D+05  0.6374817732406D+05 -0.7818879312125D+05
  0.6524261523631D+05 -0.4770612334595D+05  0.3331283462546D+05
  0.3009800362954D+05  0.2173752988001D+05 -0.1303329373544D+05
 -0.1090001730202D+05 -0.7706072553360D+04  0.1069783163695D+04
  0.3650968249843D+06  0.1422084319890D+06  0.6855555142059D+02
  0.2939940845833D-06  0.1711045851832D-07 -0.1522775296812D-07
  0.3356769190038D-05  0.1638907774524D-04 -0.1418702111466D-04
 -0.1064930304841D-02 -0.2263673997255D-01 -0.8273942735131D+02
 -0.1872191353982D+03  0.3916369731595D+03 -0.9910983176245D+03
  0.3586105310156D+04 -0.1759143239464D+05 -0.5187602188122D+05
  0.3163507865494D+05 -0.1992704170463D+05  0.4748097506669D+05
 -0.6042374863707D+05 -0.7851983168878D+05  0.9196087228487D+05
 -0.7461679559078D+05  0.5445111861022D+05 -0.3864973772134D+05
 -0.3477119764984D+05 -0.2470445147586D+05  0.1486194459124D+05
  0.1254722391365D+05  0.8761846283361D+04 -0.1193948942854D+04
 -0.3084307727850D+06 -0.1057670702412D+06 -0.4195277948033D+02
 -0.8679479207206D-07 -0.4896656537193D-08  0.4915415558541D-08
 -0.1033279257311D-05 -0.5003569837569D-05  0.3890768894830D-05
  0.3459368452962D-03  0.7858526650789D-02  0.5050801999580D+02
  0.1147288447365D+03 -0.2471435093840D+03  0.6674857496737D+03
 -0.2545630777795D+04  0.1266909368866D+05  0.3650478282757D+05
 -0.1596250637406D+05  0.2995503829775D+05 -0.5575087867640D+05
  0.6928819971813D+05  0.8851072085442D+05 -0.1018442927004D+06
  0.8211051067683D+05 -0.6095534221428D+05  0.4399110195696D+05
  0.3888728556452D+05  0.2739072695227D+05 -0.1692870022804D+05
 -0.1402732175926D+05 -0.9586039924580D+04  0.1635728934829D+04
  0.2410926478607D+06  0.7636604661365D+05  0.2510524890407D+02
  0.2826435689093D-07  0.1553439917931D-08 -0.1716396448467D-08
  0.3477315819985D-06  0.1673262573408D-05 -0.1175897530855D-05
 -0.1216299322944D-03 -0.2915092078693D-02 -0.3017110617862D+02
 -0.6877473486972D+02  0.1519119352196D+03 -0.4331187988338D+03
  0.1731495429120D+04 -0.8804291037216D+04 -0.2492609106352D+05
  0.6756647033731D+04 -0.3126161588168D+05  0.5426566034901D+05
 -0.6850654093118D+05 -0.8917083388912D+05  0.1039342761415D+06
 -0.8543710683254D+05  0.6569991328781D+05 -0.4832181194919D+05
 -0.4179912238575D+05 -0.2939411130233D+05  0.1888805859528D+05
  0.1512701428034D+05  0.1007485160683D+05 -0.2295458663601D+04
 -0.1732836798230D+06 -0.5267227342332D+05 -0.1452435929848D+02
 -0.9926345749006D-08 -0.5339626367841D-09  0.6365463618253D-09
 -0.1253035320280D-06 -0.6000381000420D-06  0.3843191739717D-06
  0.4539476574278D-04  0.1135421080119D-02  0.1743880759991D+02
  0.3995246290538D+02 -0.9062460492046D+02  0.2719180944232D+03
 -0.1133359098622D+04  0.5881964541416D+04  0.1645808158936D+05
 -0.2336265639984D+04  0.2634794979163D+05 -0.4495241512660D+05
  0.5831762852067D+05  0.7869595271942D+05 -0.9510922142316D+05
  0.8179638852311D+05 -0.6637597763421D+05  0.5011087206964D+05
  0.4267709664113D+05  0.3016559505914D+05 -0.2017622439131D+05
 -0.1558165202163D+05 -0.1012748436220D+05  0.2955918824699D+04
  0.1134370563482D+06  0.3395228027643D+05  0.7993114703452D+01
  0.3649139476437D-08  0.1929153951660D-09 -0.2441414966868D-09
  0.4699475732311D-07  0.2242084939060D-06 -0.1322016061696D-06
 -0.1750535233366D-04 -0.4528404866420D-03 -0.9594684203447D+01
 -0.2212764244655D+02  0.5165002138205D+02 -0.1627081612010D+03
  0.7028352885891D+03 -0.3708733927942D+04 -0.1031281533760D+05
  0.6215963029114D+03 -0.1884143071885D+05  0.3214960532462D+05
 -0.4280299475939D+05 -0.6002503772074D+05  0.7600169702483D+05
 -0.6958193849544D+05  0.6060314063518D+05 -0.4764550527916D+05
 -0.4057565242299D+05 -0.2905897572968D+05  0.2015349335118D+05
  0.1510484465326D+05  0.9631325835300D+04 -0.3373424553521D+04
 -0.6659061532675D+05 -0.1991215734713D+05 -0.4089570641396D+01
 -0.1352792800979D-08 -0.7053303410060D-10  0.9353015738100D-10
 -0.1769337782792D-07 -0.8417422983644D-07  0.4618975599540D-07
  0.6736139468882D-05  0.1789056572131D-03  0.4910105660397D+01
  0.1140960609758D+02 -0.2741456436289D+02  0.9028258863754D+02
 -0.4015831721304D+03  0.2145666778679D+04  0.5953044890614D+04
 -0.1059327317734D+03  0.1160321857057D+05 -0.1989926175051D+05
  0.2701745348190D+05  0.3912795817838D+05 -0.5183206137010D+05
  0.5074993184374D+05 -0.4788359355914D+05  0.3990270655324D+05
  0.3477831039273D+05  0.2554129900461D+05 -0.1833507770016D+05
 -0.1347636722061D+05 -0.8487687452206D+04  0.3379781133636D+04
  0.3416768531440D+05  0.1027475331490D+05  0.1882903118538D+01
  0.4827331855774D-09  0.2489578018089D-10 -0.3423301802863D-10
  0.6389482973166D-08  0.3033129913812D-07 -0.1565894097968D-07
 -0.2474276432402D-05 -0.6707315241997D-04 -0.2261798791558D+01
 -0.5296323998454D+01  0.1307821728337D+02 -0.4475755608823D+02
  0.2037522947506D+03 -0.1098493784341D+04 -0.3047697338311D+04
  0.6842565742818D+00 -0.6104393392540D+04  0.1052518352745D+05
 -0.1446987159728D+05 -0.2143681625289D+05  0.2946590519104D+05
 -0.3067175238715D+05  0.3130209926026D+05 -0.2798092733759D+05
 -0.2557726330605D+05 -0.1962361881931D+05  0.1465701372909D+05
  0.1070449455452D+05  0.6709778452210D+04 -0.2931769593726D+04
 -0.1470099733306D+05 -0.4454390275768D+04 -0.7438904148191D+00
 -0.1561298263766D-09 -0.7983577655293D-11  0.1129020905431D-10
 -0.2085558117839D-08 -0.9883890551236D-08  0.4850362366040D-08
  0.8183136990966D-06  0.2253662019480D-04  0.8941207878224D+00
  0.2108974435883D+01 -0.5336129221354D+01  0.1885443496336D+02
 -0.8738031755634D+02  0.4741206505931D+03  0.1316662437399D+04
  0.5713568839696D+01  0.2659345921728D+04 -0.4604285975781D+04
  0.6371169577425D+04  0.9565893707659D+04 -0.1350190144244D+05
  0.1477003370034D+05 -0.1614102275745D+05  0.1549515362898D+05
  0.1509463772165D+05  0.1235481370429D+05 -0.9740250348040D+04
 -0.7198591644888D+04 -0.4534752478164D+04  0.2130239777391D+04
  0.4952630085274D+04  0.1511079305143D+04  0.2342941750011D+00
  0.4206090114952D-10  0.2136547799136D-11 -0.3087448384631D-11
  0.5657988445673D-09  0.2678052914936D-08 -0.1260897238175D-08
 -0.2242660053415D-06 -0.6251990252259D-05 -0.2817830609856D+00
 -0.6689672282472D+00  0.1728192955703D+01 -0.6265263848125D+01
  0.2943191279926D+02 -0.1604213872725D+03 -0.4459907467882D+03
 -0.1715647398245D+01 -0.9013896971844D+03  0.1564630344849D+04
 -0.2169574064820D+04 -0.3276472288434D+04  0.4702369208615D+04
 -0.5337267244818D+04  0.6159411940690D+04 -0.6299470805152D+04
 -0.6558885285432D+04 -0.5806699445288D+04  0.4921927680419D+04
  0.3779737370578D+04  0.2429637667435D+04 -0.1217877118086D+04
 -0.1153080124798D+04 -0.3535388048345D+03 -0.5171267705203D-01
 -0.8221344773137D-11 -0.4154844316765D-12  0.6104405963271D-12
 -0.1111873894187D-09 -0.5257689297872D-09  0.2394343349017D-09
  0.4441588978195D-07  0.1249821547103D-05  0.6222935369395D-01
  0.1485539979378D+00 -0.3903897373475D+00  0.1444012430972D+01
 -0.6851910322953D+01  0.3746636362789D+02  0.1042425630468D+03
  0.3345435193058D+00  0.2106242100363D+03 -0.3659538100984D+03
  0.5069865621280D+03  0.7658644918584D+03 -0.1108737521989D+04
  0.1290937605839D+04 -0.1551664505578D+04  0.1669404071088D+04
  0.1843413518912D+04  0.1768153364941D+04 -0.1631500073207D+04
 -0.1340466282254D+04 -0.9019157279958D+03  0.4857205147517D+03
  0.1378284115116D+03  0.4234043982516D+02  0.5922626756071D-02
  0.8569346408482D-12  0.4313705671575D-13 -0.6418784577173D-13
  0.1163691814638D-10  0.5498693236656D-10 -0.2438671100761D-10
 -0.4676384459047D-08 -0.1325325795556D-06 -0.7130519694727D-02
 -0.1709875771562D-01  0.4554540279045D-01 -0.1710397753295D+00
  0.8174465676563D+00 -0.4479673260472D+01 -0.1246562737668D+02
 -0.7119812385938D-01 -0.2526957932741D+02  0.4387759939866D+02
 -0.6061223616812D+02 -0.9123433410845D+02  0.1324236102044D+03
 -0.1567665187287D+03  0.1940344361005D+03 -0.2167075452745D+03
 -0.2504298294543D+03 -0.2580597931596D+03  0.2595939174095D+03
  0.2326731972943D+03  0.1690715033769D+03 -0.1004310874042D+03
            2          38          38
 -0.4603428994131D-02 -0.5175713302351D-04 -0.9810256814223D-14
 -0.4730595201565D-31  0.2923501119377D-27  0.1118817188622D-25
  0.2970024954340D-24  0.4238832986922D-22  0.3080396142577D-19
  0.1295003119502D-16  0.2266583911905D-11  0.1700627975262D-09
  0.7308777643510D-08  0.1999345836479D-06  0.3875578037301D-05
  0.5804278503549D-04  0.5397669594332D-03  0.3171036557271D-02
  0.1203615584975D-01  0.3284675523965D-01  0.7239018951839D-01
  0.1353471594222D+00  0.2216546287198D+00  0.3275663609009D+00
  0.4471314395242D+00  0.5703630383101D+00  0.6333251990143D+00
  0.7049375232266D+00  0.8044474875446D+00  0.8582914970270D+00
  0.9293680021363D+00  0.9445762201938D+00  0.1007903897886D+01
  0.1019285061976D+01  0.1046870812477D+01  0.1063229226425D+01
  0.1078276223087D+01  0.1086355589778D+01
  0.3880265902162D-02  0.4667289838943D-02  0.5803628031437D-02
  0.7216628812344D-02  0.9204957506130D-02  0.1174111138219D-01
  0.1497602747185D-01  0.1910222904263D-01  0.2436528345603D-01
  0.3107841689931D-01  0.3964115577437D-01  0.5056310417030D-01
  0.6449427251537D-01  0.8226376239239D-01  0.1049291098111D+00
  0.1338392235603D+00  0.1707146643622D+00  0.2177500425738D+00
  0.2777446285476D+00  0.3542689488149D+00  0.4518772829225D+00
  0.5763787074890D+00  0.7351828184372D+00  0.9377407067655D+00
  0.1196107432154D+01  0.1525659469545D+01  0.1946009826911D+01
  0.2482175296669D+01  0.3166065308710D+01  0.4038380992862D+01
  0.5151037471855D+01  0.6570253545506D+01  0.8380492646017D+01
  0.1068948960699D+02  0.1363466240999D+02  0.1739129049837D+02
  0.2218294638356D+02  0.2829480137209D+02
 -0.6788945535058D+02  0.7011650586538D+03  0.4639567899572D+03
 -0.5165142637433D+02 -0.1222094150563D+03 -0.3555598352733D+03
 -0.7658187747318D+03 -0.6803841546926D+03 -0.6950895139954D+03
  0.6841054091311D+03 -0.5111501338827D+03  0.5206718525417D+03
 -0.4859399700677D+03 -0.4233065140908D+03  0.3084555751978D+03
 -0.7884633395135D+02  0.3000893310966D+02  0.2191236972726D+02
  0.8409945306895D+01  0.2983739334447D+01  0.1350075390852D+01
 -0.9075126417158D+00 -0.7656037073173D+00 -0.6807797175182D+00
  0.5538513276102D+00 -0.7083901300759D-01  0.3186131057413D+01
 -0.2356242918551D+01  0.3633595501479D+01  0.3510211008858D+01
 -0.1253480487547D+01 -0.1525886972550D+00 -0.1454661931805D+01
  0.2187651150415D+01 -0.6623685277366D+00 -0.1070332466813D+01
 -0.6401903281062D+00 -0.1944181623140D-01
  0.4362539303708D+03 -0.4394025832691D+04 -0.2751327561139D+04
  0.1045076959068D+03  0.3506908205068D+03  0.1417433059515D+04
  0.3749975331601D+04  0.3666665404203D+04  0.3925102760372D+04
 -0.3991455088841D+04  0.3077519939841D+04 -0.3171595626239D+04
  0.2987110334379D+04  0.2619232050686D+04 -0.1915372222891D+04
  0.4844651576688D+03 -0.1938218219400D+03 -0.1397557780927D+03
 -0.5320606501954D+02 -0.1865239853034D+02 -0.8381086373269D+01
  0.5665504043016D+01  0.4816996439715D+01  0.4293885219619D+01
 -0.3469295047377D+01  0.6074111963930D+00 -0.2069321699699D+02
  0.1504602612452D+02 -0.2297069448293D+02 -0.2211557233498D+02
  0.8006217665820D+01  0.7972014431211D+00  0.9182859483901D+01
 -0.1372738455798D+02  0.4089227793343D+01  0.6736496138100D+01
  0.4046367613481D+01  0.1302655641929D+00
 -0.1639743516095D+04  0.1594132051189D+05  0.9203144328332D+04
 -0.4096385145882D+02 -0.3220450953726D+03 -0.2624567804643D+04
 -0.9563625705361D+04 -0.1067093449277D+05 -0.1222682312863D+05
  0.1304284557968D+05 -0.1052777342107D+05  0.1103790074274D+05
 -0.1053600576136D+05 -0.9327704452821D+04  0.6856473273497D+04
 -0.1706930309451D+04  0.7335109371528D+03  0.5198490633893D+03
  0.1956642402709D+03  0.6741661245208D+02  0.2998071821022D+02
 -0.2043667891761D+02 -0.1757506441250D+02 -0.1572260294967D+02
  0.1257736069866D+02 -0.3068057693281D+01  0.7891288921480D+02
 -0.5606554901844D+02  0.8439226610703D+02  0.8085740699065D+02
 -0.2984380901575D+02 -0.2052067195741D+01 -0.3366808584080D+02
  0.4989691754043D+02 -0.1450964446152D+02 -0.2459277383345D+02
 -0.1486199099459D+02 -0.5170690137193D+00
  0.4063711165420D+04 -0.3785519849888D+05 -0.1970841360241D+05
 -0.6026546302406D+02 -0.6475552598360D+02  0.2560417301807D+04
  0.1475548023056D+05  0.1920279202091D+05  0.2395205021881D+05
 -0.2713876466687D+05  0.2320269220013D+05 -0.2486835258226D+05
  0.2414549388684D+05  0.2163822829491D+05 -0.1600930303949D+05
  0.3903255856894D+04 -0.1831869364305D+04 -0.1272509247761D+04
 -0.4724060728757D+03 -0.1592926741019D+03 -0.6990279474396D+02
  0.4816706986596D+02  0.4202296546908D+02  0.3776200640952D+02
 -0.2983633411262D+02  0.9866948725580D+01 -0.1988446365473D+03
  0.1375483367860D+03 -0.2035509756604D+03 -0.1938674320361D+03
  0.7324834635398D+02  0.2367010944680D+01  0.8100306905409D+02
 -0.1187700657769D+03  0.3348304867176D+02  0.5885577299302D+02
  0.3583465642845D+02  0.1360289502093D+01
 -0.8579977831032D+04  0.7544329621681D+05  0.3381555413269D+05
  0.7634820230203D+02  0.3992807368794D+03 -0.1139580981966D+04
 -0.1629243169533D+05 -0.2582138369743D+05 -0.3625974521600D+05
  0.4475974473487D+05 -0.4152050953543D+05  0.4595265336521D+05
 -0.4573125542703D+05 -0.4170644897886D+05  0.3114432771545D+05
 -0.7356984366790D+04  0.3904611898237D+04  0.2643253823717D+04
  0.9631864849461D+03  0.3150285647006D+03  0.1355622538325D+03
 -0.9491515580155D+02 -0.8453724948493D+02 -0.7644754088534D+02
  0.5936167021762D+02 -0.2700255496726D+02  0.4288053076839D+03
 -0.2866457634757D+03  0.4145983872613D+03  0.3916423133600D+03
 -0.1527347510059D+03  0.2395118448719D+01 -0.1644214468718D+03
  0.2375011886351D+03 -0.6396849699667D+02 -0.1185903684844D+03
 -0.7295528512939D+02 -0.3085974455058D+01
  0.1653796913542D+05 -0.1356031590932D+06 -0.4986060614484D+05
 -0.2897104691005D+02 -0.3968219169365D+03 -0.2861733805624D+03
  0.1426105163220D+05  0.2812796157853D+05  0.4570166027906D+05
 -0.6291758361737D+05  0.6476595085149D+05 -0.7481450848713D+05
  0.7692037805372D+05  0.7177802529952D+05 -0.5424660007662D+05
  0.1225511629483D+05 -0.7602971486954D+04 -0.4997937173730D+04
 -0.1780635409808D+04 -0.5600561652022D+03 -0.2346706400540D+03
  0.1679386167583D+03  0.1536855040593D+03  0.1401132548951D+03
 -0.1064210666502D+03  0.6563707474966D+02 -0.8464011698809D+03
  0.5443300166377D+03 -0.7659719687803D+03 -0.7162131786917D+03
  0.2902410429769D+03 -0.2084471273830D+02  0.3024758048787D+03
 -0.4287442258194D+03  0.1085522166236D+03  0.2161626827307D+03
  0.1347068232203D+03  0.6416052547143D+01
 -0.2896932140843D+05  0.2184813892780D+06  0.6171501442537D+05
 -0.9373262861233D+01  0.2067735878496D+03  0.9313871914054D+03
 -0.9747655267208D+04 -0.2427119770761D+05 -0.4679504304650D+05
  0.7375327385219D+05 -0.8649861797893D+05  0.1058406140869D+06
 -0.1136357059181D+06 -0.1092848157936D+06  0.8388269373611D+05
 -0.1775699893077D+05  0.1345645448800D+05  0.8561763202603D+04
  0.2969105942441D+04  0.8880041357868D+03  0.3585732945438D+03
 -0.2645931752806D+03 -0.2509819561435D+03 -0.2312283918104D+03
  0.1707681620221D+03 -0.1415800491656D+03  0.1521851611000D+04
 -0.9378018013811D+03  0.1277478518405D+04  0.1179579823539D+04
 -0.5004669447384D+03  0.6813439732707D+02 -0.5018336337802D+03
  0.6946533727126D+03 -0.1614620012575D+03 -0.3545488326991D+03
 -0.2244991246241D+03 -0.1214555826096D+02
  0.4697845281351D+05 -0.3209767657812D+06 -0.6365489365400D+05
  0.1735513460072D+02 -0.5141781366266D+02 -0.8323110181059D+03
  0.5278389077697D+04  0.1671410138623D+05  0.3897524442956D+05
 -0.7210030704311D+05  0.9898524804852D+05 -0.1309646136569D+06
  0.1489919071761D+06  0.1491047645605D+06 -0.1167613005684D+06
  0.2237557043989D+05 -0.2203735478585D+05 -0.1353449476621D+05
 -0.4545879653407D+04 -0.1273584452110D+04 -0.4876330824532D+03
  0.3762238174642D+03  0.3744987468142D+03  0.3497451288020D+03
 -0.2492568708188D+03  0.2766880749700D+03 -0.2538126849220D+04
  0.1493822544128D+04 -0.1959555892202D+04 -0.1781921131875D+04
  0.7980051056943D+03 -0.1660925548425D+03  0.7649109921340D+03
 -0.1027908207706D+04  0.2115144277949D+03  0.5328370299216D+03
  0.3440535298152D+03  0.2127750382215D+02
 -0.7175482909584D+05  0.4369181156913D+06  0.5367002047291D+05
 -0.1109699579115D+02 -0.7911918894352D+01  0.4816902586319D+03
 -0.2308985569981D+04 -0.9317261552779D+04 -0.2658227109948D+05
  0.5885251663719D+05 -0.9639624729884D+05  0.1419648101581D+06
 -0.1745903774322D+06 -0.1841821368274D+06  0.1479955502839D+06
 -0.2405978483457D+05  0.3394296346457D+05  0.2008441069627D+05
  0.6497300501676D+04  0.1670114778249D+04  0.5898283728440D+03
 -0.4874251688505D+03 -0.5184973173373D+03 -0.4929230005732D+03
  0.3357204921956D+03 -0.4992855784481D+03  0.3992779108336D+04
 -0.2239590007712D+04  0.2814389130416D+04  0.2512639222432D+04
 -0.1197860236546D+04  0.3433573556899D+03 -0.1090299686932D+04
  0.1412284589974D+04 -0.2421903166026D+03 -0.7465178276228D+03
 -0.4935903412516D+03 -0.3501874655443D+02
  0.1046297223359D+06 -0.5579691983928D+06 -0.3541033560887D+05
  0.4730902936397D+01  0.1381964573890D+02 -0.2090516996387D+03
  0.8338263201116D+03  0.4281298765699D+04  0.1501455243708D+05
 -0.4026649981421D+05  0.7828393817547D+05 -0.1338116741866D+06
  0.1828663883087D+06  0.2069189801128D+06 -0.1718344366514D+06
  0.2042111547175D+05 -0.4977878623560D+05 -0.2835139866906D+05
 -0.8778086142308D+04 -0.2007770212871D+04 -0.6195766367365D+03
  0.5755387146384D+03  0.6733780155121D+03  0.6555333030785D+03
 -0.4212306756548D+03  0.8446130918730D+03 -0.6002304951457D+04
  0.3205678728216D+04 -0.3840536304779D+04 -0.3354931581448D+04
  0.1717106146659D+04 -0.6351412663136D+03  0.1474614601531D+04
 -0.1825483717095D+04  0.2324619612261D+03  0.9888434335577D+03
  0.6726300115514D+03  0.5476963848492D+02
 -0.1471005533618D+06  0.6745694419948D+06  0.1620036186824D+05
 -0.1553083459819D+01 -0.7359584540451D+01  0.7284009976087D+02
 -0.2545138694801D+03 -0.1656472804180D+04 -0.7136054107241D+04
  0.2329583836540D+05 -0.5077301530828D+05  0.1075770373747D+06
 -0.1698003222263D+06 -0.2109566456213D+06  0.1826108978425D+06
 -0.9055063495962D+04  0.7009815161575D+05  0.3843032947530D+05
  0.1130214052018D+05  0.2187957004864D+04  0.5145668829140D+03
 -0.6089728839740D+03 -0.8248654980941D+03 -0.8295600022703D+03
  0.4940554691329D+03 -0.1355298218204D+04  0.8705812210666D+04
 -0.4428644438841D+04  0.5037456025110D+04  0.4290458857529D+04
 -0.2376435302069D+04  0.1082722057431D+04 -0.1914321063036D+04
  0.2242089214475D+04 -0.1577327726238D+03 -0.1252200301371D+04
 -0.8807692661281D+03 -0.8207358130180D+02
  0.2007771850271D+06 -0.7767532917944D+06 -0.2188516640472D+04
  0.4223837296863D+00  0.2709263115608D+01 -0.2135551601666D+02
  0.6736977306934D+02  0.5527994769822D+03  0.2911651461729D+04
 -0.1155968515970D+05  0.2347121775170D+05 -0.7101111692147D+05
  0.1372076924419D+06  0.1931797179766D+06 -0.1758992021114D+06
 -0.1200930871172D+05 -0.9526094869276D+05 -0.5031493790572D+05
 -0.1391670780800D+05 -0.2070364705180D+04 -0.1888673655219D+03
  0.5432623504396D+03  0.9516586787127D+03  0.1002837888210D+04
 -0.5389635881464D+03  0.2081717127043D+04 -0.1226613700999D+05
  0.5952259260669D+04 -0.6408836393918D+04 -0.5303244653787D+04
  0.3201105045594D+04 -0.1732374100841D+04  0.2407128478499D+04
 -0.2636208002434D+04 -0.9141794871990D+01  0.1529225141683D+04
  0.1118234201571D+04  0.1184841808625D+03
 -0.2671964705908D+06  0.8549710007296D+06 -0.4824505246750D+04
 -0.1002384160015D+00 -0.8033005769252D+00  0.5481344228782D+01
 -0.1589989328141D+02 -0.1634041212835D+03 -0.1044199049047D+04
  0.5014776961042D+04 -0.3815430119912D+04  0.3518434616838D+05
 -0.9328123708169D+05 -0.1556203122325D+06  0.1499562571188D+06
  0.4364439388741D+05  0.1251632861700D+06  0.6377907329905D+05
  0.1635037947370D+05  0.1448606747212D+04 -0.4798214674788D+03
 -0.3135094889892D+03 -0.1020595995914D+04 -0.1155995926872D+04
  0.5355817516814D+03 -0.3081799033053D+04  0.1686589313839D+05
 -0.7826517470213D+04  0.7964634060782D+04  0.6383188356607D+04
 -0.4220915856454D+04  0.2632895950183D+04 -0.2952982075246D+04
  0.2984285134318D+04  0.2963174675726D+03 -0.1813779549709D+04
 -0.1386188439851D+04 -0.1652729533370D+03
  0.3474330465626D+06 -0.9011691297973D+06  0.6583260829564D+04
  0.2168187052013D-01  0.2069084449078D+00 -0.1278064593768D+01
  0.3446721169789D+01  0.4402697038425D+02  0.3379268079411D+03
 -0.1946237327149D+04 -0.6252102068215D+04 -0.8706797214412D+04
  0.4972197595642D+05  0.1062658074647D+06 -0.1073346120477D+06
 -0.8466891319439D+05 -0.1587834087690D+06 -0.7816558817444D+05
 -0.1812157545416D+05 -0.8070184160199D+01  0.1672328905156D+04
 -0.1790947830283D+03  0.9777528001894D+03  0.1256682717474D+04
 -0.4553509368606D+03  0.4419592886242D+04 -0.2269483078447D+05
  0.1010333809899D+05 -0.9722193900173D+04 -0.7530325358176D+04
  0.5468817201652D+04 -0.3830337770054D+04  0.3554914902101D+04
 -0.3269208389422D+04 -0.7301133600672D+03  0.2102122609473D+04
  0.1686851818097D+04  0.2228483268250D+03
 -0.4414323007013D+06  0.9103057973233D+06 -0.5757756221610D+04
 -0.4446429737147D-02 -0.4883786940139D-01  0.2805746824403D+00
 -0.7080099101404D+00 -0.1114344951009D+02 -0.1015166041386D+03
  0.6934084806574D+03  0.9100016822397D+04 -0.5858557486504D+04
 -0.1619451458315D+05 -0.5689057635165D+05  0.5583041413178D+05
  0.1307364561952D+06  0.1935286445825D+06  0.9205547760672D+05
  0.1838999309056D+05 -0.2744650793486D+04 -0.3666221953232D+04
  0.1090997231250D+04 -0.7325856598132D+03 -0.1249229453443D+04
  0.2561261442145D+03 -0.6162184303225D+04  0.2992481718443D+05
 -0.1282777512449D+05  0.1170699366017D+05  0.8761335702945D+04
 -0.6977811905206D+04  0.5358341569776D+04 -0.4220115069193D+04
  0.3487073781074D+04  0.1329981444808D+04 -0.2394693191760D+04
 -0.2023507001582D+04 -0.2896948099507D+03
  0.5470520873772D+06 -0.8820652355886D+06  0.4238103717405D+04
  0.8966282471542D-03  0.1103966896283D-01 -0.6003856495102D-01
  0.1422590893826D+00  0.2731994780457D+01  0.2914818521129D+02
 -0.2330919708308D+03 -0.8240515158492D+04  0.1098283851671D+05
 -0.3705713346726D+04  0.1787271082283D+05 -0.6778528456611D+04
 -0.1738385636009D+06 -0.2245544516421D+06 -0.1028341973132D+06
 -0.1573769350737D+05  0.7596450848854D+04  0.6901861015167D+04
 -0.2678165084208D+04  0.1299889714560D+03  0.1036495470317D+04
  0.1275659075288D+03  0.8375998528521D+04 -0.3867206395679D+05
  0.1602424319913D+05 -0.1395370885781D+05 -0.1011978229055D+05
  0.8776438753431D+04 -0.7223291953615D+04  0.4961579895588D+04
 -0.3657655201075D+04 -0.2100960750132D+04  0.2698798647208D+04
  0.2400480977478D+04  0.3605860285526D+03
 -0.6590049179992D+06  0.8218199806322D+06 -0.2877672361913D+04
 -0.1838179907749D-03 -0.2483212120142D-02  0.1294025968324D-01
 -0.2884214349707D-01 -0.6685112654713D+00 -0.8233785467113D+01
  0.7600021503667D+02  0.6237556780804D+04 -0.1080230302740D+05
  0.1203378372513D+05  0.6240941079427D+04 -0.2979770454468D+05
  0.2042295481620D+06  0.2447599936243D+06  0.1063460023021D+06
  0.7907576685223D+04 -0.1580072566997D+05 -0.1209400976722D+05
  0.5369077542294D+04  0.1098082775957D+04 -0.4486260954341D+03
 -0.8023461824968D+03 -0.1112728926165D+05  0.4895705009306D+05
 -0.1968000399997D+05  0.1650864792112D+05  0.1169082737710D+05
 -0.1088492604883D+05  0.9386440440153D+04 -0.5800668217323D+04
  0.3838104278779D+04  0.3025112129914D+04 -0.3032052966043D+04
 -0.2823221653515D+04 -0.4238286127653D+03
  0.7682848078214D+06 -0.7396612960606D+06  0.1888531764315D+04
  0.3945824216969D-04  0.5745586012535D-03 -0.2894040776222D-02
  0.6073770296998D-02  0.1678773894531D+00  0.2351354808750D+01
 -0.2468012913636D+02 -0.4330572337298D+04  0.8614630704210D+04
 -0.1322478095106D+05 -0.1698120204590D+05  0.4969015425023D+05
 -0.2150307040806D+06 -0.2469781378824D+06 -0.9728652303678D+05
  0.8317672942589D+04  0.2928569379651D+05  0.2040352383185D+05
 -0.9884737557265D+04 -0.3412371113784D+04 -0.8083250704624D+03
  0.1947707829427D+04  0.1449818099999D+05 -0.6069379289952D+05
  0.2373391689204D+05 -0.1943522615274D+05 -0.1361922410485D+05
  0.1331752323022D+05 -0.1175130652501D+05  0.6770662001823D+04
 -0.4136079846450D+04 -0.4057065549150D+04  0.3425457280600D+04
  0.3298660759788D+04  0.4574479745690D+03
 -0.8629670681159D+06  0.6474563091047D+06 -0.1228472745843D+04
 -0.9089465980793D-05 -0.1405738080212D-03  0.6888775080304D-03
 -0.1362615176753D-02 -0.4432724678903D-01 -0.6954048506370D+00
  0.8175190473131D+01  0.2887909167325D+04 -0.6208434083899D+04
  0.1123072391236D+05  0.1892480866540D+05 -0.5496015284844D+05
  0.2059318990502D+06  0.2281903041767D+06  0.7156102880601D+05
 -0.3651861597731D+05 -0.5072319764360D+05 -0.3363735119521D+05
  0.1740854608824D+05  0.7584214941335D+04  0.3229310709895D+04
 -0.3867602547698D+04 -0.1863515327581D+05  0.7376183951381D+05
 -0.2808493618883D+05  0.2282458499662D+05  0.1612648422377D+05
 -0.1609980283754D+05  0.1417152785835D+05 -0.7921080180985D+04
  0.4714443932195D+04  0.5132700348546D+04 -0.3923883433798D+04
 -0.3836113155727D+04 -0.4245914577839D+03
  0.9308075227829D+06 -0.5554820128483D+06  0.8018054375391D+03
  0.2289618710605D-05  0.3715469325234D-04 -0.1780346474700D-03
  0.3323746245915D-03  0.1254901390167D-01  0.2172460452653D+00
 -0.2818224295887D+01 -0.1897529570457D+04  0.4249590274048D+04
 -0.8457811623776D+04 -0.1657528875163D+05  0.5090065000345D+05
 -0.1825812157210D+06 -0.1921247489782D+06 -0.2998164257583D+05
  0.7833282243697D+05  0.8290177145029D+05  0.5427857902204D+05
 -0.2974530782775D+05 -0.1483264294929D+05 -0.7605929313161D+04
  0.7060594854322D+04  0.2384000609390D+05 -0.8820403077287D+05
  0.3263376456283D+05 -0.2681252512667D+05 -0.1952131594539D+05
  0.1930748377531D+05 -0.1649320850469D+05  0.9322075161916D+04
 -0.5779195691356D+04 -0.6198840051813D+04  0.4581624551019D+04
  0.4448863610305D+04  0.2689225172847D+03
 -0.9627328297224D+06  0.4704112743160D+06 -0.5274476469688D+03
 -0.6386431453734D-06 -0.1076639305169D-04  0.5064755584131D-04
 -0.8944149970959D-04 -0.3862305558022D-02 -0.7274577775059D-01
  0.1026673617475D+01  0.1244936386237D+04 -0.2839094782552D+04
  0.5974745586659D+04  0.1292630576710D+05 -0.4270451423995D+05
  0.1527531268872D+06  0.1474243571566D+06 -0.2034498144736D+05
 -0.1303250780352D+06 -0.1264911066150D+06 -0.8477865829547D+05
  0.4923509076026D+05  0.2688793658405D+05  0.1509957271195D+05
 -0.1228537040906D+05 -0.3068100070961D+05  0.1045140997608D+06
 -0.3735325496693D+05  0.3160029070489D+05  0.2419899539931D+05
 -0.2311969976347D+05  0.1862713402093D+05 -0.1106795551018D+05
  0.7550248315233D+04  0.7259935084846D+04 -0.5452953771700D+04
 -0.5156180653486D+04  0.8871487693534D+02
  0.9553533956699D+06 -0.3951867615670D+06  0.3498471003193D+03
  0.1984854492194D-06  0.3448279288875D-05 -0.1597767708249D-04
  0.2677449815319D-04  0.1302763644349D-02  0.2634783471256D-01
 -0.3992671293788D+00 -0.8203557172911D+03  0.1879575139864D+04
 -0.4078195705489D+04 -0.9459411348227D+04  0.3383406691566D+05
 -0.1228076462598D+06 -0.1031953145502D+06  0.6901213171163D+05
  0.1835155606059D+06  0.1771805628000D+06  0.1252891804257D+06
 -0.7787219802203D+05 -0.4573237661070D+05 -0.2717892151964D+05
  0.2055637121927D+05  0.4004468276628D+05 -0.1238409818673D+06
  0.4235232254737D+05 -0.3747046661042D+05 -0.3062833176953D+05
  0.2785684397545D+05 -0.2061444933291D+05  0.1327851281747D+05
 -0.1022843341207D+05 -0.8417662758909D+04  0.6581582772883D+04
  0.5984828868223D+04 -0.7503979151744D+03
 -0.9112243883661D+06  0.3300921948216D+06 -0.2336440908337D+03
 -0.6875891199412D-07 -0.1223092219315D-05  0.5597275373622D-05
 -0.8936323031361D-05 -0.4827156828072D-03 -0.1035965489396D-01
  0.1665751066104D+00  0.5437759774486D+03 -0.1242576879196D+04
  0.2735209877852D+04  0.6682928933341D+04 -0.2597148220043D+05
  0.9633282067450D+05  0.6562741663052D+05 -0.1071143770237D+06
 -0.2270341027985D+06 -0.2255987850693D+06 -0.1709932745815D+06
  0.1150002749250D+06  0.7254585687723D+05  0.4518864862337D+05
 -0.3294270515553D+05 -0.5299147571602D+05  0.1478288852421D+06
 -0.4787833404580D+05  0.4478227787083D+05  0.3932078289471D+05
 -0.3395628414949D+05  0.2263096006764D+05 -0.1609554211892D+05
  0.1397778066123D+05  0.9866959650482D+04 -0.7994683298296D+04
 -0.6968579581114D+04  0.1834579885127D+04
  0.8371501168796D+06 -0.2740528142253D+06  0.1567735296614D+03
  0.2642446877543D-07  0.4788100369708D-06 -0.2169083501315D-05
  0.3314892035218D-05  0.1959554190104D-03  0.4416244856570D-02
 -0.7456408065232D-01 -0.3622907962841D+03  0.8227847095535D+03
 -0.1819201411525D+04 -0.4634633566415D+04  0.1962401058850D+05
 -0.7454163483881D+05 -0.3722427749537D+05  0.1301350897418D+06
  0.2529139896775D+06  0.2612132614756D+06  0.2124280630620D+06
 -0.1550167968757D+06 -0.1055100095207D+06 -0.6921019924892D+05
  0.4998183929125D+05  0.7026235617891D+05 -0.1778544716234D+06
  0.5422335841402D+05 -0.5392481527823D+05 -0.5075614286619D+05
  0.4184829934273D+05 -0.2490195881871D+05  0.1966881892295D+05
 -0.1892383095928D+05 -0.1182653585876D+05  0.9702357942079D+04
  0.8144116736747D+04 -0.3457069096311D+04
 -0.7418512437242D+06  0.2255982156462D+06 -0.1054176488349D+03
 -0.1116651096035D-07 -0.2052774238708D-06  0.9223104268950D-06
 -0.1356078000331D-05 -0.8655024260437D-04 -0.2029994846783D-02
  0.3566746249074D-01  0.2421119935187D+03 -0.5457762398619D+03
  0.1205160850348D+04  0.3185516393690D+04 -0.1472278689818D+05
  0.5725583846285D+05  0.1778317332824D+05 -0.1379167520623D+06
 -0.2584641634378D+06 -0.2770420099404D+06 -0.2396717238664D+06
  0.1883719023375D+06  0.1381864661655D+06  0.9621060990187D+05
 -0.7056309722660D+05 -0.9136452832771D+05  0.2136802057987D+06
 -0.6156261413522D+05  0.6520168226228D+05  0.6520830997486D+05
 -0.5173789148295D+05  0.2757435721579D+05 -0.2412152435375D+05
  0.2512883035381D+05  0.1442669690705D+05 -0.1169275522205D+05
 -0.9542117265003D+04  0.5692221914612D+04
  0.6341604134189D+06 -0.1833819993566D+06  0.7081658453740D+02
  0.5126752320487D-08  0.9531264945824D-07 -0.4254007970778D-06
  0.6048713104478D-06  0.4116986668292D-04  0.9972938221873D-03
 -0.1809627642686D-01 -0.1618090638014D+03  0.3620371596170D+03
 -0.7961725024192D+03 -0.2180474074442D+04  0.1100038150278D+05
 -0.4373210727863D+05 -0.5746318473597D+04  0.1330580163348D+06
  0.2456466259015D+06  0.2717064637982D+06  0.2469542017246D+06
 -0.2061627216478D+06 -0.1614362569241D+06 -0.1193978172596D+06
  0.9066175450109D+05  0.1134406410583D+06 -0.2519643871543D+06
  0.6980692770094D+05 -0.7861533799522D+05 -0.8240777082661D+05
  0.6336071605069D+05 -0.3066408805804D+05  0.2948414059968D+05
 -0.3247888352171D+05 -0.1762572077144D+05  0.1390597023464D+05
  0.1117278079189D+05 -0.8511995764395D+04
 -0.5221204114951D+06  0.1463834230045D+06 -0.4734021944183D+02
 -0.2520732170873D-08 -0.4727569976225D-07  0.2098781413669D-06
 -0.2900406570825D-06 -0.2082195699824D-04 -0.5176287720412D-03
  0.9638562451722D-02  0.1077183260195D+03 -0.2393748872942D+03
  0.5239112404946D+03  0.1487957286888D+04 -0.8172120895104D+04
  0.3313915822160D+05 -0.8178058687058D+03 -0.1192567386092D+06
 -0.2190749184315D+06 -0.2484695179587D+06 -0.2343062573077D+06
  0.2044819424606D+06  0.1683170930618D+06  0.1310924023245D+06
 -0.1038578037558D+06 -0.1307777718158D+06  0.2854813162874D+06
 -0.7848995718797D+05  0.9351963415735D+05  0.1010561438263D+06
 -0.7582357694341D+05  0.3416660306422D+05 -0.3559573915216D+05
  0.4046568645014D+05  0.2122702994568D+05 -0.1618170384506D+05
 -0.1300518930677D+05  0.1171857482766D+05
  0.4126990863898D+06 -0.1139447577747D+06  0.3132677214305D+02
  0.1305914283349D-08  0.2465953962877D-07 -0.1090091440628D-06
  0.1470939272704D-06  0.1103131958043D-04  0.2799643546377D-03
 -0.5321729537438D-02 -0.7104809097093D+02  0.1569786813640D+03
 -0.3422120415079D+03 -0.1009707782837D+04  0.6002458131004D+04
 -0.2476567213317D+05  0.3703876182966D+04  0.1002408676113D+06
  0.1841690595384D+06  0.2130083442760D+06  0.2061744449209D+06
 -0.1853379907578D+06 -0.1576940274505D+06 -0.1274159140335D+06
  0.1048679301233D+06  0.1366811507977D+06 -0.3041031150137D+06
  0.8648356206561D+05 -0.1081423686578D+06 -0.1184075279289D+06
  0.8760939123781D+05 -0.3821814604188D+05  0.4199575673980D+05
 -0.4799195123341D+05 -0.2498303160295D+05  0.1821264695641D+05
  0.1494000760920D+05 -0.1491403155941D+05
 -0.3116547988469D+06  0.8573918871133D+05 -0.2037353982923D+02
 -0.7002358594876D-09 -0.1329278642080D-07  0.5856293220707D-07
 -0.7748168080982D-07 -0.6020479711187D-05 -0.1553220505100D-03
  0.3001172777160D-02  0.4609130618711D+02 -0.1013790092722D+03
  0.2205069316003D+03  0.6768921869716D+03 -0.4318873794823D+04
  0.1808242784827D+05 -0.4368857929638D+04 -0.7924545932314D+05
 -0.1460121521760D+06 -0.1714659194683D+06 -0.1689364942284D+06
  0.1545647397759D+06  0.1338998509324D+06  0.1103891836031D+06
 -0.9323464094714D+05 -0.1275905956646D+06  0.2984604480331D+06
 -0.9134392990918D+05  0.1191374141766D+06  0.1303499085057D+06
 -0.9670972712830D+05  0.4294766762736D+05 -0.4785587384019D+05
  0.5346854458105D+05  0.2864216928332D+05 -0.1957043792917D+05
 -0.1677802749212D+05  0.1756009239488D+05
  0.2233123041293D+06 -0.6169846913130D+05  0.1289435712922D+02
  0.3810597591964D-09  0.7263639181015D-08 -0.3191513777231D-07
  0.4155172993566D-07  0.3322158227027D-05  0.8682714956213D-04
 -0.1699537812657D-02 -0.2911738763012D+02  0.6383500714135D+02
 -0.1388086860331D+03 -0.4433761042352D+03  0.3005936131649D+04
 -0.1273848252580D+05  0.3882079359479D+04  0.5880088090053D+05
  0.1087952725267D+06  0.1292841080972D+06  0.1288765284663D+06
 -0.1189724354128D+06 -0.1037225800174D+06 -0.8596731254874D+05
  0.7338329944451D+05  0.1057448396085D+06 -0.2653267801220D+06
  0.8955021764771D+05 -0.1217849106244D+06 -0.1323704469812D+06
  0.1007703225367D+06 -0.4778495870696D+05  0.5200371143580D+05
 -0.5534857992264D+05 -0.3179921787632D+05  0.1984120884969D+05
  0.1819786070332D+05 -0.1913179258337D+05
 -0.1503408998736D+06  0.4189635105865D+05 -0.7835985235383D+01
 -0.2058990457783D-09 -0.3937375286433D-08  0.1726358465503D-07
 -0.2218591702807D-07 -0.1814780225660D-05 -0.4791779295108D-04
  0.9475379754189D-03  0.1767147943815D+02 -0.3865630039271D+02
  0.8418106726338D+02  0.2793665859593D+03 -0.1992013524625D+04
  0.8524599834998D+04 -0.2948243241461D+04 -0.4067436973714D+05
 -0.7560053094369D+05 -0.9066956649721D+05 -0.9106642541731D+05
  0.8434181162273D+05  0.7342113522187D+05  0.6049836924790D+05
 -0.5144038015698D+05 -0.7768768340184D+05  0.2108052679174D+06
 -0.7890030713434D+05  0.1121050015095D+06  0.1213607272663D+06
 -0.9733889296026D+05  0.5077955252491D+05 -0.5306819932040D+05
  0.5278559510909D+05  0.3367454948098D+05 -0.1879534816012D+05
 -0.1877370842751D+05  0.1927677973383D+05
  0.9373220110632D+05 -0.2639371172242D+05  0.4490589404042D+01
  0.1077227534386D-09  0.2065102446117D-08 -0.9039482748965D-08
  0.1149639206354D-07  0.9576194486108D-06  0.2548894510726D-04
 -0.5080743164597D-03 -0.1011768642700D+02  0.2210200953228D+02
 -0.4826153138352D+02 -0.1659363507027D+03  0.1232848251780D+04
 -0.5317150427297D+04  0.1976339844668D+04  0.2590516843743D+05
  0.4836164299533D+05  0.5841780600307D+05  0.5895141258624D+05
 -0.5458820029933D+05 -0.4722796934587D+05 -0.3840371353105D+05
  0.3213835162780D+05  0.5044560945312D+05 -0.1479833477770D+06
  0.6095498099903D+05 -0.9033655177119D+05 -0.9792757654683D+05
  0.8476051898624D+05 -0.4913859056352D+05  0.4979377467528D+05
 -0.4587178312713D+05 -0.3320241822210D+05  0.1645661882498D+05
  0.1807140442301D+05 -0.1787823152467D+05
 -0.5298441380508D+05  0.1508239946441D+05 -0.2368425959065D+01
 -0.5295288540917D-10 -0.1017102604110D-08  0.4446313569100D-08
 -0.5608014974972D-08 -0.4738947467113D-06 -0.1269327331418D-04
  0.2546087517642D-03  0.5332921749120D+01 -0.1164108267443D+02
  0.2550877184721D+02  0.9055383286685D+02 -0.6954480914890D+03
  0.3018087282055D+04 -0.1168618368182D+04 -0.1489432743864D+05
 -0.2791883256629D+05 -0.3391386483707D+05 -0.3432271562511D+05
  0.3171385939343D+05  0.2719946562616D+05  0.2172878182484D+05
 -0.1773497522567D+05 -0.2868089932632D+05  0.9057077853813D+05
 -0.4050986831357D+05  0.6215192450410D+05  0.6761661459969D+05
 -0.6411764372863D+05  0.4124138894020D+05 -0.4164007300678D+05
  0.3551619227331D+05  0.2957123697402D+05 -0.1307328970685D+05
 -0.1583410002687D+05  0.1505483689431D+05
  0.2633332869425D+05 -0.7578126587293D+04  0.1111993143129D+01
  0.2354805928801D-10  0.4529853489233D-09 -0.1978224878181D-08
  0.2478695960058D-08  0.2118451255744D-06  0.5702285560248D-05
 -0.1149424897949D-03 -0.2502845689783D+01  0.5462047062863D+01
 -0.1201767527888D+02 -0.4389208954918D+02  0.3461665928878D+03
 -0.1509779767387D+04  0.5969162391257D+03  0.7505302394841D+04
  0.1412129532061D+05  0.1723121673725D+05  0.1746879251908D+05
 -0.1608810630321D+05 -0.1365934524803D+05 -0.1069157177465D+05
  0.8454379481680D+04  0.1399113189295D+05 -0.4733662941920D+05
  0.2266449855364D+05 -0.3557459692665D+05 -0.3873238635259D+05
  0.4038743368603D+05 -0.2863102032861D+05  0.2965175150423D+05
 -0.2353174712931D+05 -0.2287625704765D+05  0.9122708441387D+04
  0.1220768592784D+05 -0.1121088201472D+05
 -0.1099727218203D+05  0.3200094276925D+04 -0.4432743989561D+00
 -0.9002957268287D-11 -0.1733894749166D-09  0.7566013457878D-09
 -0.9430938941441D-09 -0.8132449966544D-07 -0.2197473332645D-05
  0.4446533485010D-04  0.9974967100152D+00 -0.2177263185183D+01
  0.4812305245286D+01  0.1802510774846D+02 -0.1452114739989D+03
  0.6358919613847D+03 -0.2529124331562D+03 -0.3170614009153D+04
 -0.5987085657434D+04 -0.7333517063265D+04 -0.7441804051132D+04
  0.6826502064480D+04  0.5732808356509D+04  0.4388500458243D+04
 -0.3344529653719D+04 -0.5643505335847D+04  0.2039215352921D+05
 -0.1031959835791D+05  0.1634854900493D+05  0.1769190965752D+05
 -0.2018192065640D+05  0.1564244538464D+05 -0.1690506829283D+05
  0.1255468166225D+05  0.1451796248552D+05 -0.5305293089303D+04
 -0.7878810280952D+04  0.7073413113558D+04
  0.3595024548579D+04 -0.1058665289710D+04  0.1395518353965D+00
  0.2744908764036D-11  0.5291282920058D-10 -0.2307459762281D-09
  0.2864460680698D-09  0.2487409036856D-07  0.6741475219390D-06
 -0.1368214332610D-04 -0.3140174269260D+00  0.6858315790617D+00
 -0.1523694933794D+01 -0.5837757516969D+01  0.4782944933768D+02
 -0.2101509289515D+03  0.8293643736617D+02  0.1046888752110D+04
  0.1984205041020D+04  0.2438871531738D+04  0.2476140702397D+04
 -0.2261172491981D+04 -0.1876543048189D+04 -0.1402055064400D+04
  0.1024389922730D+04  0.1763696129881D+04 -0.6806616915633D+04
  0.3604088902117D+04 -0.5683841128683D+04 -0.6054477933409D+04
  0.7490653323797D+04 -0.6307617733629D+04  0.7109345400227D+04
 -0.4939218569602D+04 -0.6938562466437D+04  0.2350086182620D+04
  0.3932412022060D+04 -0.3523724652020D+04
 -0.8110953340799D+03  0.2422078601322D+03 -0.3056340471396D-01
 -0.5866198231832D-12 -0.1131611992455D-10  0.4932407150653D-10
 -0.6103377595519D-10 -0.5329109492423D-08 -0.1447709154175D-06
  0.2945073100236D-05  0.6878231058040D-01 -0.1503952872651D+00
  0.3361867408062D+00  0.1315151737080D+01 -0.1091814588974D+02
  0.4810947213929D+02 -0.1853540008881D+02 -0.2383921081777D+03
 -0.4537500187657D+03 -0.5596854562647D+03 -0.5683761994134D+03
  0.5163290945083D+03  0.4227987570256D+03  0.3072374344349D+03
 -0.2135139814689D+03 -0.3777004641329D+03  0.1565336371965D+04
 -0.8611061059886D+03  0.1332711335237D+04  0.1379601365783D+04
 -0.1839433655320D+04  0.1679964917667D+04 -0.1940865755190D+04
  0.1242240864722D+04  0.2178675031160D+04 -0.6744661146693D+03
 -0.1318013895209D+04  0.1216486693968D+04
  0.9378704987817D+02 -0.2852140121223D+02  0.3457384578861D-02
  0.6513855408973D-13  0.1257240727758D-11 -0.5477905400155D-11
  0.6761298261834D-11  0.5928940271153D-09  0.1613610726959D-07
 -0.3288560937102D-06 -0.7783612663300D-02  0.1705198844958D-01
 -0.3842113438907D-01 -0.1533728372385D+00  0.1285869032644D+01
 -0.5680761418275D+01  0.2084983667270D+01  0.2782812339128D+02
  0.5325682276300D+02  0.6595941335791D+02  0.6699117230513D+02
 -0.6046560562920D+02 -0.4870090483284D+02 -0.3417207341447D+02
  0.2223543358506D+02  0.4115825885356D+02 -0.1858957372373D+03
  0.1058299002745D+03 -0.1580757114413D+03 -0.1560843715131D+03
  0.2247540869051D+03 -0.2240417420625D+03  0.2570448656553D+03
 -0.1448383204812D+03 -0.3338807424649D+03  0.8820281336410D+02
  0.2160843881722D+03 -0.2132837485565D+03
            3          35          35
 -0.5759340475027D+01 -0.4584341343602D+01 -0.3300669832235D+01
 -0.2451060698061D+01 -0.1900600234038D+01 -0.1508678370910D+01
 -0.1195034864637D+01 -0.9348372967969D+00 -0.7354091188246D+00
 -0.5766392669406D+00 -0.4367171542908D+00 -0.3016578130525D+00
 -0.1910720659679D+00 -0.1104149440843D+00 -0.5694915070426D-01
 -0.2542695971863D-01 -0.9629801239818D-02 -0.3036281090433D-02
 -0.6953802882992D-03 -0.1057022488695D-03 -0.1251728553233D-04
 -0.1211348681093D-05 -0.8198127565851D-07 -0.3335244688497D-08
 -0.7301150520862D-10 -0.2264585867102D-12 -0.4781396565532D-17
 -0.1308063654435D-19 -0.2018605615330D-22 -0.3511501456813D-25
 -0.1618420485972D-26  0.1090857186183D-28  0.8216255149636D-12
  0.1501337385480D-02  0.9024272565114D-01
  0.6407891062063D-02  0.7457859005440D-02  0.9043230985059D-02
  0.1116109509866D-01  0.1377494879952D-01  0.1730401597542D-01
  0.2173721102237D-01  0.2730616659754D-01  0.3430185838860D-01
  0.4308980847636D-01  0.5412918371637D-01  0.6799678702234D-01
  0.8541719508626D-01  0.1073006172190D+00  0.1347904534204D+00
  0.1723414639452D+00  0.2203537375316D+00  0.2817416571302D+00
  0.3602315179749D+00  0.4605877166491D+00  0.5889019537229D+00
  0.7529630047927D+00  0.9627295053145D+00  0.1230934447647D+01
  0.1573858083750D+01  0.2012316149345D+01  0.2572923395525D+01
  0.3289709125175D+01  0.4206182798556D+01  0.5377975091925D+01
  0.6876214723549D+01  0.8791846023114D+01  0.1124114932441D+02
  0.1437279927350D+02  0.1837688949721D+02
 -0.2455783359471D+02 -0.7227989263060D+01  0.1315399318016D+02
 -0.6217978560642D+01 -0.5101711385515D+01  0.1121897494041D+02
  0.9010184530583D+01  0.2135428292086D+01  0.3123437775997D+00
 -0.4902628706211D+00 -0.9856723008721D+00 -0.5772542126159D+01
  0.1432458961416D+02 -0.2802640090742D+02 -0.5022525186656D+02
  0.8669746477592D+02 -0.1331762073904D+03 -0.1208601436903D+03
 -0.6692137400090D+02 -0.3307902283891D+03  0.5193775838198D+03
  0.6173637226380D+03 -0.6486630546524D+03  0.6711055373173D+03
 -0.6668706977148D+03 -0.5963485852342D+02  0.9259660835633D+03
 -0.8805596007353D+03 -0.7768741801217D+03 -0.6962402001839D+03
  0.2944634567065D+03 -0.8762109674204D+02 -0.9761860941806D+03
 -0.9783441535284D+03 -0.2102048992086D+03
  0.1349168737223D+03  0.3936311163815D+02 -0.7236171800422D+02
  0.3427835586845D+02  0.2846733878687D+02 -0.6186991003923D+02
 -0.4947973611155D+02 -0.1219707557553D+02 -0.5128341074209D+00
  0.3838555940930D+01  0.5145099745139D+01  0.3207370573545D+02
 -0.7933519359454D+02  0.1547126989199D+03  0.2766296558831D+03
 -0.4767741371114D+03  0.7319910774295D+03  0.6666735924540D+03
  0.3553614462292D+03  0.1788815726825D+04 -0.2804325870858D+04
 -0.3317995226229D+04  0.3462478825432D+04 -0.3551546447642D+04
  0.3494401265155D+04  0.2628775767995D+03 -0.4605926681084D+04
  0.4202760912193D+04  0.3498987587880D+04  0.2833559826653D+04
 -0.9882295373856D+03  0.2021353315607D+03  0.5008510702986D+04
  0.5335026176613D+04  0.1158472308435D+04
 -0.4348662368092D+03 -0.1252066895307D+03  0.2337003743677D+03
 -0.1110553810089D+03 -0.9387424200461D+02  0.2005527740123D+03
  0.1593865137028D+03  0.4155794861162D+02 -0.4145712855467D+01
 -0.1789434560668D+02 -0.1527612929797D+02 -0.1051090021222D+03
  0.2587810239489D+03 -0.5022281918443D+03 -0.8949960107707D+03
  0.1538996908330D+04 -0.2360970002475D+04 -0.2161697736437D+04
 -0.1086331283624D+04 -0.5628862766425D+04  0.8803826226207D+04
  0.1034273365551D+05 -0.1068011651459D+05  0.1080987901888D+05
 -0.1047382006776D+05 -0.5696297750330D+03  0.1274756809923D+05
 -0.1091852736990D+05 -0.8322490001339D+04 -0.5825352441625D+04
  0.1507628472048D+04 -0.1459460706290D+03 -0.1453181521544D+05
 -0.1700396178319D+05 -0.3751540976862D+04
  0.1083822029820D+04  0.3065804891162D+03 -0.5839790348615D+03
  0.2786560393267D+03  0.2409110066220D+03 -0.5035633004155D+03
 -0.3969351541259D+03 -0.1109405568798D+03  0.2934858315853D+02
  0.6271947076297D+02  0.3375531988362D+02  0.2675957174719D+03
 -0.6549761302000D+03  0.1263317028823D+04  0.2241552510473D+04
 -0.3842928997094D+04  0.5889328150571D+04  0.5429406108840D+04
  0.2514586154094D+04  0.1358214993375D+05 -0.2117693322601D+05
 -0.2463907439762D+05  0.2507808076088D+05 -0.2492070693572D+05
  0.2363689929484D+05  0.6566697200986D+03 -0.2582040125935D+05
  0.2030352006462D+05  0.1376300769536D+05  0.8053817131099D+04
 -0.1382765851698D+04 -0.3695432438221D+02  0.3136303087837D+05
  0.4174981329148D+05  0.9407474297363D+04
 -0.2079204677610D+04 -0.5754555325872D+03  0.1123861930380D+04
 -0.5389309142819D+03 -0.4782748634539D+03  0.9746948346835D+03
  0.7608138586384D+03  0.2299205767834D+03 -0.1003864481807D+03
 -0.1623697065095D+03 -0.5465754584789D+02 -0.5262970447134D+03
  0.1279587559231D+04 -0.2450297104267D+04 -0.4325347818468D+04
  0.7388786837645D+04 -0.1130917852888D+05 -0.1051139152636D+05
 -0.4379400920523D+04 -0.2502694269343D+05  0.3887116003728D+05
  0.4467655169682D+05 -0.4464372133594D+05  0.4333050149797D+05
 -0.3998242784936D+05  0.1154035009556D+03  0.3816476829540D+05
 -0.2700779281406D+05 -0.1591648107089D+05 -0.7673286444886D+04
  0.7529798257250D+03  0.1551607803813D+03 -0.5012046713172D+05
 -0.7863456891223D+05 -0.1818041367918D+05
  0.3522981346739D+04  0.9468564955791D+03 -0.1912223566672D+04
  0.9228943422063D+03  0.8461949117772D+03 -0.1670830571526D+04
 -0.1287758999401D+04 -0.4276016151041D+03  0.2680340472174D+03
  0.3686531669147D+03  0.6990727237763D+02  0.9201630787063D+03
 -0.2219001536968D+04  0.4210700860230D+04  0.7384047432263D+04
 -0.1255512923062D+05  0.1918488215112D+05  0.1801906931643D+05
  0.6440452184068D+04  0.4013881117455D+05 -0.6202010244923D+05
 -0.7008383661709D+05  0.6824800448521D+05 -0.6406845564683D+05
  0.5683993111106D+05 -0.2280307070406D+04 -0.4522916629292D+05
  0.2787186603706D+05  0.1381113177488D+05  0.5349968097839D+04
 -0.1764821125983D+03 -0.1485970158679D+03  0.6581401605349D+05
  0.1299998221273D+06  0.3110008587283D+05
 -0.5584609262718D+04 -0.1446999777212D+04  0.3046654939405D+04
 -0.1481746594551D+04 -0.1409972188174D+04  0.2685778073236D+04
  0.2039080146126D+04  0.7507535651080D+03 -0.6123416057326D+03
 -0.7637156911333D+03 -0.6666848016979D+02 -0.1512134421148D+04
  0.3613909604391D+04 -0.6786342794657D+04 -0.1180914950996D+05
  0.1996787474796D+05 -0.3045033219696D+05 -0.2895339128528D+05
 -0.8353940005421D+04 -0.5934063951990D+05  0.9110189697959D+05
  0.1007068548841D+06 -0.9479449552219D+05  0.8512914894492D+05
 -0.7163924068711D+05  0.5702873740078D+04  0.4564095469241D+05
 -0.2394823603936D+05 -0.9826430460830D+04 -0.3050995114189D+04
 -0.5812776187199D+02  0.9120723805281D+02 -0.7481166389963D+05
 -0.1998836320296D+06 -0.4986417650093D+05
  0.8187012555377D+04  0.2026846767318D+04 -0.4493744968489D+04
  0.2205450328471D+04  0.2187198145523D+04 -0.4002932382561D+04
 -0.2986069018262D+04 -0.1228585559583D+04  0.1225855539208D+04
  0.1434239988378D+04  0.1885168516489D+02  0.2308404630160D+04
 -0.5464298434799D+04  0.1014115771618D+05  0.1749029190113D+05
 -0.2938137899464D+05  0.4469610155788D+05  0.4310508509637D+05
  0.9045477486485D+04  0.7960547786617D+05 -0.1212559019909D+06
 -0.1302541067401D+06  0.1172060351604D+06 -0.9916266275391D+05
  0.7766736346529D+05 -0.9126647460762D+04 -0.3823211128307D+05
  0.1680724928554D+05  0.5666390378793D+04  0.1413339064439D+04
  0.8533592534013D+02 -0.4130463157270D+02  0.7095708381697D+05
  0.2822030247777D+06  0.7408684924072D+05
 -0.1119848157950D+05 -0.2620010574711D+04  0.6191677562220D+04
 -0.3071012637960D+04 -0.3185866809835D+04  0.5582230617835D+04
  0.4080885686279D+04  0.1887679952137D+04 -0.2206203493974D+04
 -0.2470891559669D+04  0.1048758071758D+03 -0.3301003275111D+04
  0.7737531605241D+04 -0.1417564906581D+05 -0.2420278335195D+05
  0.4035071292717D+05 -0.6120267699984D+05 -0.5997609078733D+05
 -0.7308283900862D+04 -0.9721903198061D+05  0.1467017168427D+06
  0.1517847423521D+06 -0.1285713606333D+06  0.1002771802610D+06
 -0.7113220641248D+05  0.1054059469766D+05  0.2661490701050D+05
 -0.9716603286157D+04 -0.2687172954902D+04 -0.5412855093385D+03
 -0.5043187310032D+02  0.1476048389007D+02 -0.5470838483920D+05
 -0.3685711339767D+06 -0.1029251461254D+06
  0.1442780673593D+05  0.3147028490631D+04 -0.8046296460568D+04
  0.4039530285343D+04  0.4396189780990D+04 -0.7354365286549D+04
 -0.5255588991877D+04 -0.2744092838484D+04  0.3636284156972D+04
  0.3949708431237D+04 -0.3377664506845D+03  0.4459485598128D+04
 -0.1035353223461D+05  0.1870732567074D+05  0.3158362611817D+05
 -0.5220275572906D+05  0.7890108856124D+05  0.7869674457080D+05
  0.2022494878183D+04  0.1082543215599D+06 -0.1616154636284D+06
 -0.1591357378068D+06  0.1241413173186D+06 -0.8641627416260D+05
  0.5326856870371D+05 -0.8871312069035D+04 -0.1553718680726D+05
  0.4699748823872D+04  0.1069194589223D+04  0.1752117770169D+03
  0.2089396281158D+02 -0.4354257833922D+01  0.3265715221288D+05
  0.4487713283068D+06  0.1349757456714D+06
 -0.1763309199625D+05 -0.3525562568723D+04  0.9933965746772D+04
 -0.5056045704239D+04 -0.5782830383082D+04  0.9219936308059D+04
  0.6426277191762D+04  0.3794066909927D+04 -0.5557624534059D+04
 -0.5907367479603D+04  0.7095174823303D+03 -0.5723959354497D+04
  0.1317452338819D+05 -0.2346275631004D+05 -0.3913173402379D+05
  0.6405305616351D+05 -0.9640593580855D+05 -0.9799566180632D+05
  0.7521499473647D+04 -0.1093786609629D+06  0.1615084221465D+06
  0.1488533569662D+06 -0.1034817213159D+06  0.6098820360633D+05
 -0.3031992783079D+05  0.5141941578239D+04  0.7709951771563D+04
 -0.1937461690002D+04 -0.3647838225800D+03 -0.4906241055294D+02
 -0.6872852617233D+01  0.1099143633163D+01 -0.1305174781992D+05
 -0.5119983893541D+06 -0.1682684721498D+06
  0.2052319218513D+05  0.3681216356355D+04 -0.1169955370441D+05
  0.6046450764362D+04  0.7272015977051D+04 -0.1104313062677D+05
 -0.7494375114390D+04 -0.5000212703615D+04  0.7934090386574D+04
  0.8306690734646D+04 -0.1238163926203D+04  0.6994370526841D+04
 -0.1598632063439D+05  0.2805640985271D+05  0.4618894635756D+05
 -0.7479518773992D+05  0.1120099574811D+06  0.1161203049862D+06
 -0.2124015306985D+05  0.9873003457656D+05 -0.1446204184779D+06
 -0.1218225494764D+06  0.7149352913844D+05 -0.3200408262347D+05
  0.1015619353213D+05 -0.1488714422093D+04 -0.3304669708131D+04
  0.6942893976496D+03  0.1090925231597D+03  0.1216374632709D+02
  0.1907650525621D+01 -0.2449039228204D+00  0.7326882815631D+03
  0.5481257965135D+06  0.2001676062797D+06
 -0.2274264358810D+05 -0.3558196991440D+04  0.1314374440039D+05
 -0.6908147234816D+04 -0.8729099184825D+04  0.1263399245047D+05
  0.8341111496668D+04  0.6269494419385D+04 -0.1059944529010D+05
 -0.1098525158188D+05  0.1916718517417D+04 -0.8113825525396D+04
  0.1846455574269D+05 -0.3194448826995D+05 -0.5188296602900D+05
  0.8303353648096D+05 -0.1235995484298D+06 -0.1306703865127D+06
  0.3781869404383D+05 -0.7677134552803D+05  0.1130417009325D+06
  0.8390637084663D+05 -0.3721164255717D+05  0.8218330713631D+04
  0.2284878668165D+04 -0.6865358188653D+03  0.1243506119195D+04
 -0.2203866475207D+03 -0.2919364615744D+02 -0.2728508646323D+01
 -0.4649219398409D+00  0.4947120547452D-01  0.4301915643606D+04
 -0.5488413472528D+06 -0.2270846903844D+06
  0.2381104814449D+05  0.3128185832848D+04 -0.1398116728249D+05
  0.7483848252074D+04  0.9911496754616D+04 -0.1370005496221D+05
 -0.8802946827357D+04 -0.7410397796642D+04  0.1316529460393D+05
  0.1356208122493D+05 -0.2686333133054D+04  0.8837180620776D+04
 -0.2010236303570D+05  0.3431349624208D+05  0.5496931464629D+05
 -0.8686416382912D+05  0.1283579754869D+06  0.1382103840389D+06
 -0.5418492520311D+05  0.4696927063493D+05 -0.7308613729986D+05
 -0.4471401017350D+05  0.9950919720843D+04  0.5429800288009D+04
 -0.6836616677450D+04  0.1335682994123D+04 -0.4156927254239D+03
  0.6282804932587D+02  0.7097299675841D+01  0.5627325197404D+00
  0.1021207356042D+00 -0.9237771129621D-02 -0.4755812386977D+04
  0.5082409104631D+06  0.2436882879001D+06
 -0.2280493332592D+05 -0.2382684865257D+04  0.1363797024760D+05
 -0.7444562769438D+04 -0.1029129627676D+05  0.1363250661127D+05
  0.8544104191415D+04  0.7983145561395D+04 -0.1472735291834D+05
 -0.1513382139003D+05  0.3349639574119D+04 -0.8708849225689D+04
  0.1991587796167D+05 -0.3359434807746D+05 -0.5308996472805D+05
  0.8276604457938D+05 -0.1212004904577D+06 -0.1325280991270D+06
  0.6435519459221D+05 -0.1602637113711D+05  0.3410433087096D+05
  0.1398194480008D+05  0.5064177738865D+04 -0.9274379358868D+04
  0.6280249812580D+04 -0.1104614655123D+04  0.1221209400281D+03
 -0.1593387649555D+02 -0.1554296103469D+01 -0.1058919777829D+00
 -0.2018340352255D-01  0.1585794954834D-02  0.3349936225225D+04
 -0.4196986939446D+06 -0.2393268964669D+06
  0.2146207595319D+05  0.1590734542899D+04 -0.1313327411859D+05
  0.7331412725835D+04  0.1054237805997D+05 -0.1341503769090D+05
 -0.8228241431134D+04 -0.8481131134049D+04  0.1610034487485D+05
  0.1656425197061D+05 -0.4103139370217D+04  0.8284844882908D+04
 -0.1923860063926D+05  0.3212822184660D+05  0.5006628205051D+05
 -0.7684999050834D+05  0.1111436433711D+06  0.1228329108735D+06
 -0.6991259974754D+05 -0.8182799225496D+04 -0.6376053835033D+04
  0.3178418819835D+04 -0.9659175796278D+04  0.7956891533750D+04
 -0.4208905091694D+04  0.6880580958229D+03 -0.3154917636705D+02
  0.3565375398679D+01  0.3013632133488D+00  0.1769870328823D-01
  0.3517217852319D-02 -0.2424647121109D-03 -0.1928450796206D+04
  0.3256240846137D+06  0.2312621875742D+06
 -0.2146587959897D+05 -0.9278389061762D+03  0.1349684360588D+05
 -0.7714233961760D+04 -0.1143010357267D+05  0.1408068782334D+05
  0.8529237129729D+04  0.9511239041968D+04 -0.1836316578321D+05
 -0.1899341552674D+05  0.5269910443393D+04 -0.8100413796760D+04
  0.1940618749287D+05 -0.3222080489136D+05 -0.4957055305389D+05
  0.7483394019454D+05 -0.1064490304899D+06 -0.1177378100432D+06
  0.7386003752170D+05  0.2272216254580D+05 -0.7825403212396D+04
 -0.9312761936649D+04  0.9111846485139D+04 -0.5673331755565D+04
  0.2604228995776D+04 -0.4047989185466D+03  0.8716336652907D+01
 -0.8667597328350D+00 -0.6449455297060D-01 -0.3317568745302D-02
 -0.6815678240515D-03  0.4203214535798D-04  0.1095677368968D+04
 -0.2582754983924D+06 -0.2369611022578D+06
  0.2192962532580D+05  0.2779509654297D+03 -0.1424589774162D+05
  0.8347658349855D+04  0.1259316406745D+05 -0.1516220620812D+05
 -0.9190642189748D+04 -0.1082501789662D+05  0.2100607469866D+05
  0.2194585601756D+05 -0.6870080812999D+04  0.7649598663800D+04
 -0.1944541713591D+05  0.3230101760610D+05  0.4914181007241D+05
 -0.7284461035101D+05  0.1013065995663D+06  0.1106156785569D+06
 -0.7265764595317D+05 -0.2886897864752D+05  0.1316912164832D+05
  0.9813127382110D+04 -0.6901899610913D+04  0.3655961162785D+04
 -0.1538757581213D+04  0.2318794621723D+03 -0.2538263629693D+01
  0.2256468823359D+00  0.1501595749035D-01  0.6874314024448D-03
  0.1450655048759D-03 -0.8142486330605D-05 -0.6209981786528D+03
  0.2010120862673D+06  0.2470065698368D+06
 -0.2254360053603D+05  0.3910796075979D+03  0.1525034634200D+05
 -0.9179323073657D+04 -0.1390319740363D+05  0.1653592632180D+05
  0.1019972648797D+05  0.1235444250694D+05 -0.2379824347777D+05
 -0.2525063612529D+05  0.9023391925519D+04 -0.6563310687412D+04
  0.1876169725634D+05 -0.3148624553346D+05 -0.4746720517919D+05
  0.6891545425797D+05 -0.9300361290099D+05 -0.9891047262137D+05
  0.6557014113205D+05  0.2835867985534D+05 -0.1316509141150D+05
 -0.7976481922040D+04  0.4657623472888D+04 -0.2227203547757D+04
  0.8935315142075D+03 -0.1327114084333D+03  0.7849165692394D+00
 -0.6334715412155D-01 -0.3828277144247D-02 -0.1584230935199D-03
 -0.3416894125193D-04  0.1772483434535D-05  0.3563485714421D+03
 -0.1518033428473D+06 -0.2576718490639D+06
  0.2307090660746D+05 -0.1115138386338D+04 -0.1644512479472D+05
  0.1020117095494D+05  0.1528247435714D+05 -0.1814828151818D+05
 -0.1160468400832D+05 -0.1408642022039D+05  0.2657981028879D+05
  0.2881905548521D+05 -0.1190809560551D+05  0.4439534870110D+04
 -0.1674456816972D+05  0.2889937958007D+05  0.4330917936772D+05
 -0.6144625131446D+05  0.8014793993633D+05  0.8255978829821D+05
 -0.5419377982071D+05 -0.2391670518558D+05  0.1074005353793D+05
  0.5679380902877D+04 -0.2935800073187D+04  0.1319429925852D+04
 -0.5193880244491D+03  0.7697514905766D+02 -0.2599564731020D+00
  0.1932480966956D-01  0.1076001973748D-02  0.4084867453581D-04
  0.8968834888812D-05 -0.4357762644504D-06 -0.2084974398520D+03
  0.1112110208381D+06  0.2660193711366D+06
 -0.2325060577266D+05  0.1965392281005D+04  0.1777339201529D+05
 -0.1142152202131D+05 -0.1668665949603D+05  0.1996665722437D+05
  0.1346914587332D+05  0.1605670084427D+05 -0.2927503508480D+05
 -0.3263785761862D+05  0.1573446049531D+05 -0.8668261570257D+03
  0.1277912431977D+05 -0.2369046224915D+05 -0.3565069483015D+05
  0.4976313623719D+05 -0.6332540149777D+05 -0.6371340591913D+05
  0.4130566302319D+05  0.1815145920033D+05 -0.7797611907309D+04
 -0.3731985342786D+04  0.1777411324890D+04 -0.7738955527696D+03
  0.3050682868982D+03 -0.4546069352158D+02  0.9270181053608D-01
 -0.6432625335466D-02 -0.3343908646407D-03 -0.1180560024668D-04
 -0.2630122108275D-05  0.1210935581569D-06  0.1244189834415D+03
 -0.7954334762486D+05 -0.2692393386563D+06
  0.2278849922903D+05 -0.3053540635634D+04 -0.1916305470889D+05
  0.1284760861427D+05  0.1810307352111D+05 -0.2195569456231D+05
 -0.1583460635177D+05 -0.1834267384163D+05  0.3191165903163D+05
  0.3675058624460D+05 -0.2066171957222D+05 -0.4443778007419D+04
 -0.6452522060919D+04  0.1543186426638D+05  0.2451398296169D+05
 -0.3501283071985D+05  0.4501978378732D+05  0.4538426706756D+05
 -0.2936539826181D+05 -0.1276897477498D+05  0.5251529825888D+04
  0.2330184093378D+04 -0.1052273817655D+04  0.4540691044531D+03
 -0.1815159245461D+03  0.2729596818998D+02 -0.3562870354801D-01
  0.2335302937853D-02  0.1146865604364D-03  0.3811901028151D-05
  0.8593866158835D-06 -0.3786709450788D-07 -0.7543118615784D+02
  0.5610637280948D+05  0.2648273854096D+06
 -0.2140834615258D+05  0.4499580034364D+04  0.2051225634756D+05
 -0.1446075436027D+05 -0.1953337546752D+05  0.2404878354716D+05
  0.1867215682872D+05  0.2102035107679D+05 -0.3457943091248D+05
 -0.4115548192012D+05  0.2661849065659D+05  0.1139376646612D+05
 -0.2006247980286D+04 -0.4882677076051D+04 -0.1165472871031D+05
  0.1992074569558D+05 -0.2825399080913D+05 -0.2991730664332D+05
  0.1972229137524D+05  0.8505488545336D+04 -0.3363946259483D+04
 -0.1408389641077D+04  0.6161437019563D+03 -0.2676898188493D+03
  0.1091807844950D+03 -0.1658111955871D+02  0.1470639993136D-01
 -0.9200115752747D-03 -0.4312692910338D-04 -0.1364126983826D-05
 -0.3105184956961D-06  0.1320469956268D-07  0.4619160362706D+02
 -0.3944200786044D+05 -0.2510922016333D+06
  0.1895057426338D+05 -0.6361090954542D+04 -0.2167998072667D+05
  0.1618201929632D+05  0.2095168234877D+05 -0.2610981893220D+05
 -0.2182348543276D+05 -0.2407225133903D+05  0.3729899600065D+05
  0.4559931302268D+05 -0.3302844715121D+05 -0.1911915982003D+05
  0.1117538869514D+05 -0.5706628601348D+04 -0.5745925597104D+02
 -0.7310836201162D+04  0.1511483446986D+05  0.1830813395701D+05
 -0.1266664458670D+05 -0.5451388496173D+04  0.2083796635301D+04
  0.8341246078183D+03 -0.3590879438980D+03  0.1585599854446D+03
 -0.6606762787084D+02  0.1012461413507D+02 -0.6469969968114D-02
  0.3897443080020D-03  0.1759359766386D-04  0.5345232946057D-06
  0.1226242298116D-06 -0.5067806668207D-08 -0.2838236331787D+02
  0.2786806262356D+05  0.2277103225033D+06
 -0.1547855587951D+05  0.8549187361802D+04  0.2248302386174D+05
 -0.1783786732156D+05 -0.2224852047081D+05  0.2789508801398D+05
  0.2494545597816D+05  0.2726163222770D+05 -0.3982384216339D+05
 -0.4932719009110D+05  0.3855507477768D+05  0.2575264466057D+05
 -0.1861048723423D+05  0.1362831651004D+05  0.8251360987110D+04
 -0.1251018046083D+04 -0.6211891323009D+04 -0.1040489227784D+05
  0.7862640619214D+04  0.3401619645975D+04 -0.1261598597961D+04
 -0.4874080490639D+03  0.2086334572256D+03 -0.9401191328706D+02
  0.3995147692306D+02 -0.6168574212466D+01  0.3000075206873D-02
 -0.1753194253848D-03 -0.7677942791556D-05 -0.2258213296233D-06
 -0.5212944168831D-07  0.2105870860672D-08  0.1737335290777D+02
 -0.1988126556070D+05 -0.1960567785637D+06
  0.1132658780300D+05 -0.1077971882429D+05 -0.2270318658402D+05
  0.1914570681944D+05  0.2318789855843D+05 -0.2903644753819D+05
 -0.2748754356310D+05 -0.3002376514047D+05  0.4146071353584D+05
  0.5096406919727D+05 -0.4119927665280D+05 -0.2905042410074D+05
  0.2218666141798D+05 -0.1731060065610D+05 -0.1214922725358D+05
  0.5730598335006D+04  0.1029501788583D+04  0.5459285917225D+04
 -0.4755862578815D+04 -0.2081538408337D+04  0.7500797376590D+03
  0.2812165738980D+03 -0.1203896113324D+03  0.5538822957705D+02
 -0.2393778200297D+02  0.3718068058079D+01 -0.1445349807745D-02
  0.8244451620584D-04  0.3524361992943D-05  0.1010034963509D-06
  0.2343227021889D-07 -0.9296287148158D-09 -0.1050745313524D+02
  0.1430607891161D+05  0.1590955203791D+06
 -0.7037445605038D+04  0.1260540591555D+05  0.2211085445353D+05
 -0.1974113346563D+05 -0.2341044627494D+05  0.2906999424951D+05
  0.2873831111696D+05  0.3145522704414D+05 -0.4106161273706D+05
 -0.4883976305736D+05  0.3927316278633D+05  0.2784169946336D+05
 -0.2142820808740D+05  0.1695861498888D+05  0.1244228211129D+05
 -0.7059643501402D+04  0.1431198020577D+04 -0.2597609787172D+04
  0.2813982916663D+04  0.1250735418188D+04 -0.4369800488788D+03
 -0.1591470410027D+03  0.6831178887651D+02 -0.3206580907193D+02
  0.1405794677439D+02 -0.2193855967285D+01  0.7110611569654D-03
 -0.3978932221881D-04 -0.1668647390010D-05 -0.4684621306859D-07
 -0.1091103013948D-07  0.4267345839453D-09  0.6215601987172D+01
 -0.1028473334033D+05 -0.1207629774257D+06
  0.3204618988200D+04 -0.1353553093711D+05 -0.2051250038069D+05
  0.1925707248198D+05  0.2250525051840D+05 -0.2752776084679D+05
 -0.2796949757003D+05 -0.3050100924674D+05  0.3741569768587D+05
  0.4207186009987D+05 -0.3276967349533D+05 -0.2287196449853D+05
  0.1753899738463D+05 -0.1396812590183D+05 -0.1049342644645D+05
  0.6436752722811D+04 -0.2171425841801D+04  0.1074148489346D+04
 -0.1623039935532D+04 -0.7329536736675D+03  0.2469761246196D+03
  0.8709622825860D+02 -0.3751150079293D+02  0.1796483540745D+02
 -0.7978508565901D+01  0.1250124116146D+01 -0.3499697373084D-03
  0.1928951332486D-04  0.7968122871400D-06  0.2200892624969D-07
  0.5142128336569D-08 -0.1988636542455D-09 -0.3548831851066D+01
  0.7237356119145D+04  0.8500987662114D+05
 -0.3031613158286D+03  0.1320124025994D+05  0.1782692687811D+05
 -0.1744607444029D+05 -0.2015300094352D+05  0.2410254137176D+05
  0.2469862097356D+05  0.2644891018785D+05 -0.3022903216873D+05
 -0.3169071191294D+05  0.2363637357940D+05  0.1618708783989D+05
 -0.1240064407806D+05  0.9965056073634D+04  0.7633097118633D+04
 -0.4903904855530D+04  0.1984962705762D+04 -0.3455203765407D+03
  0.9000610073317D+03  0.4120831044571D+03 -0.1330589992427D+03
 -0.4516023200349D+02  0.1951902506895D+02 -0.9550536675878D+01
  0.4296051223394D+01 -0.6756594281407D+00  0.1681668952631D-03
 -0.9159497468273D-05 -0.3738955728783D-06 -0.1019611094589D-07
 -0.2388045062077D-08  0.9154391164801D-10  0.1921280017122D+01
 -0.4837242317313D+04 -0.5487321338265D+05
 -0.1417685525871D+04 -0.1150988028699D+05 -0.1418181475363D+05
  0.1432286764211D+05  0.1632265207639D+05 -0.1888899220953D+05
 -0.1908527764148D+05 -0.1972328354187D+05  0.2091605597871D+05
  0.2039560441003D+05 -0.1457046506472D+05 -0.9848401607210D+04
  0.7593093219391D+04 -0.6185994764598D+04 -0.4828770750569D+04
  0.3206136934256D+04 -0.1427136409443D+04  0.5111127529167D+02
 -0.4679771284724D+03 -0.2165214789413D+03  0.6664883223820D+02
  0.2161900267230D+02 -0.9377820656473D+01  0.4698635223988D+01
 -0.2141712616168D+01  0.3380875934439D+00 -0.7657703619340D-04
  0.4132281946604D-05  0.1671210513143D-06  0.4511889824678D-08
  0.1058767057083D-08 -0.4030847312844D-10 -0.9628510613770D+00
  0.2963465041846D+04  0.3194676786997D+05
  0.1981345083747D+04  0.8745500243445D+04  0.9991048350505D+04
 -0.1028527366954D+05 -0.1146694418849D+05  0.1264270812575D+05
  0.1232073157932D+05  0.1215002237364D+05 -0.1199954573568D+05
 -0.1095027522706D+05  0.7544568828968D+04  0.5081484580965D+04
 -0.3974863217071D+04  0.3296792863993D+04  0.2622421250021D+04
 -0.1786815405542D+04  0.8436733429008D+03  0.3295733480483D+02
  0.2199779157903D+03  0.1025555879633D+03 -0.3001033650067D+02
 -0.9242070773899D+01  0.4023277338135D+01 -0.2069265886932D+01
  0.9563307463243D+00 -0.1515287695483D+00  0.3181679802698D-04
 -0.1704483887113D-05 -0.6843536896977D-07 -0.1833168123279D-08
 -0.4308203635304D-09  0.1631393281818D-10  0.4321709497605D+00
 -0.1600776707983D+04 -0.1635659148793D+05
 -0.1684225410577D+04 -0.5557635591711D+04 -0.5932478068146D+04
  0.6121485902903D+04  0.6571112022059D+04 -0.6788131971568D+04
 -0.6292816715421D+04 -0.5918147103155D+04  0.5497222266032D+04
  0.4741502064095D+04 -0.3179834239959D+04 -0.2156353428895D+04
  0.1724213855013D+04 -0.1460821750013D+04 -0.1184002877427D+04
  0.8243524697866D+03 -0.4055226404560D+03 -0.3479156869583D+02
 -0.8894352422639D+02 -0.4170287443179D+02  0.1158979453196D+02
  0.3367374460987D+01 -0.1470667814225D+01  0.7783380536739D+00
 -0.3649184608105D+00  0.5803804893452D-01 -0.1146066936680D-04
  0.6105021241605D-06  0.2437342691241D-07  0.6489060026136D-09
  0.1526807854924D-09 -0.5757439127311D-11 -0.1657599155861D+00
  0.7279410657728D+03  0.7081385961539D+04
  0.1004250523266D+04  0.2758083215326D+04  0.2742991186297D+04
 -0.2771469624087D+04 -0.2813118481887D+04  0.2694311947618D+04
  0.2371075995446D+04  0.2145186074606D+04 -0.1897573681045D+04
 -0.1562284005163D+04  0.1029015284824D+04  0.7097535074043D+03
 -0.5842671304844D+03  0.5071340407861D+03  0.4188010797647D+03
 -0.2971650405954D+03  0.1508169561968D+03  0.1786315477178D+02
  0.2876375012827D+02  0.1355292196031D+02 -0.3576051442538D+01
 -0.9734436438420D+00  0.4261743126008D+00 -0.2326946901140D+00
  0.1107389930604D+00 -0.1767937573901D-01  0.3318669950564D-05
 -0.1760058167083D-06 -0.6995887210244D-08 -0.1853698393459D-09
 -0.4365539300148D-10  0.1640850454742D-11  0.5056219092319D-01
 -0.2606909274744D+03 -0.2432219990386D+04
 -0.3959886791520D+03 -0.9412781987703D+03 -0.8569013115438D+03
  0.8273952813549D+03  0.7855965731165D+03 -0.6967620968469D+03
 -0.5866182708496D+03 -0.5180148204961D+03  0.4416019394909D+03
  0.3495285269237D+03 -0.2277994416144D+03 -0.1614717098727D+03
  0.1378810512927D+03 -0.1229753818868D+03 -0.1034894794858D+03
  0.7471375591350D+02 -0.3890169643771D+02 -0.5587086714808D+01
 -0.6567718875924D+01 -0.3111072983273D+01  0.7789571788080D+00
  0.1968940050274D+00 -0.8624443625264D-01  0.4873333375306D-01
 -0.2355917786549D-01  0.3775875085423D-02 -0.6787419483520D-06
  0.3587393742031D-07  0.1421040998349D-08  0.3751399259799D-10
  0.8840980548450D-11 -0.3314610712632D-12 -0.1081352757107D-01
  0.6530731172387D+02  0.5894704684762D+03
  0.7954441782907D+02  0.1625292932455D+03  0.1316054338650D+03
 -0.1197648601213D+03 -0.1064829566570D+03  0.8793366254603D+02
  0.7180244745053D+02  0.6297888661898D+02 -0.5223479401398D+02
 -0.3985296785416D+02  0.2584112407198D+02  0.1904579401595D+02
 -0.1701938704064D+02  0.1564965193015D+02  0.1342458336143D+02
 -0.9850065513993D+01  0.5243601139913D+01  0.8633691969413D+00
  0.7896837354914D+00  0.3766898056347D+00 -0.8944482263194D-01
 -0.2075361006043D-01  0.9056293788871D-02 -0.5314434472065D-02
  0.2612236706104D-02 -0.4203591915099D-03  0.7263951232347D-07
 -0.3829043637550D-08 -0.1512729120245D-09 -0.3981955678994D-11
 -0.9389518339930D-12  0.3513350961881D-13  0.1205505487526D-02
 -0.8578740505060D+01 -0.7567768541454D+02
